#    1                 grid_number
#    1                 AMR_level
# 2000                 mx
#   -0.15000000E+01    xlow
#    0.15000000E-02    dx

# Reference clawpack solution with 2000 cells 

  0.10000000E+01  0.00000000E+00  0.25000000E+01
  0.10000000E+01  0.00000000E+00  0.25000000E+01
  0.10000000E+01  0.00000000E+00  0.25000000E+01
  0.10000000E+01  0.00000000E+00  0.25000000E+01
  0.10000000E+01  0.00000000E+00  0.25000000E+01
  0.10000000E+01  0.00000000E+00  0.25000000E+01
  0.10000000E+01  0.00000000E+00  0.25000000E+01
  0.10000000E+01  0.00000000E+00  0.25000000E+01
  0.10000000E+01  0.00000000E+00  0.25000000E+01
  0.10000000E+01  0.00000000E+00  0.25000000E+01
  0.10000000E+01  0.00000000E+00  0.25000000E+01
  0.10000000E+01  0.00000000E+00  0.25000000E+01
  0.10000000E+01  0.00000000E+00  0.25000000E+01
  0.10000000E+01  0.00000000E+00  0.25000000E+01
  0.10000000E+01  0.00000000E+00  0.25000000E+01
  0.10000000E+01  0.00000000E+00  0.25000000E+01
  0.10000000E+01  0.00000000E+00  0.25000000E+01
  0.10000000E+01  0.00000000E+00  0.25000000E+01
  0.10000000E+01  0.00000000E+00  0.25000000E+01
  0.10000000E+01  0.00000000E+00  0.25000000E+01
  0.10000000E+01  0.00000000E+00  0.25000000E+01
  0.10000000E+01  0.00000000E+00  0.25000000E+01
  0.10000000E+01  0.00000000E+00  0.25000000E+01
  0.10000000E+01  0.00000000E+00  0.25000000E+01
  0.10000000E+01  0.00000000E+00  0.25000000E+01
  0.10000000E+01  0.00000000E+00  0.25000000E+01
  0.10000000E+01  0.00000000E+00  0.25000000E+01
  0.10000000E+01  0.00000000E+00  0.25000000E+01
  0.10000000E+01  0.00000000E+00  0.25000000E+01
  0.10000000E+01  0.00000000E+00  0.25000000E+01
  0.10000000E+01  0.00000000E+00  0.25000000E+01
  0.10000000E+01  0.00000000E+00  0.25000000E+01
  0.10000000E+01  0.00000000E+00  0.25000000E+01
  0.10000000E+01  0.00000000E+00  0.25000000E+01
  0.10000000E+01  0.00000000E+00  0.25000000E+01
  0.10000000E+01  0.00000000E+00  0.25000000E+01
  0.10000000E+01  0.00000000E+00  0.25000000E+01
  0.10000000E+01  0.00000000E+00  0.25000000E+01
  0.10000000E+01  0.00000000E+00  0.25000000E+01
  0.10000000E+01  0.00000000E+00  0.25000000E+01
  0.10000000E+01  0.00000000E+00  0.25000000E+01
  0.10000000E+01  0.00000000E+00  0.25000000E+01
  0.10000000E+01  0.00000000E+00  0.25000000E+01
  0.10000000E+01  0.00000000E+00  0.25000000E+01
  0.10000000E+01  0.00000000E+00  0.25000000E+01
  0.10000000E+01  0.00000000E+00  0.25000000E+01
  0.10000000E+01  0.00000000E+00  0.25000000E+01
  0.10000000E+01  0.00000000E+00  0.25000000E+01
  0.10000000E+01  0.00000000E+00  0.25000000E+01
  0.10000000E+01  0.00000000E+00  0.25000000E+01
  0.10000000E+01  0.00000000E+00  0.25000000E+01
  0.10000000E+01  0.00000000E+00  0.25000000E+01
  0.10000000E+01  0.00000000E+00  0.25000000E+01
  0.10000000E+01  0.00000000E+00  0.25000000E+01
  0.10000000E+01  0.00000000E+00  0.25000000E+01
  0.10000000E+01  0.00000000E+00  0.25000000E+01
  0.10000000E+01  0.00000000E+00  0.25000000E+01
  0.10000000E+01  0.00000000E+00  0.25000000E+01
  0.10000000E+01  0.00000000E+00  0.25000000E+01
  0.10000000E+01  0.00000000E+00  0.25000000E+01
  0.10000000E+01  0.00000000E+00  0.25000000E+01
  0.10000000E+01  0.00000000E+00  0.25000000E+01
  0.10000000E+01  0.00000000E+00  0.25000000E+01
  0.10000000E+01  0.00000000E+00  0.25000000E+01
  0.10000000E+01  0.00000000E+00  0.25000000E+01
  0.10000000E+01  0.00000000E+00  0.25000000E+01
  0.10000000E+01  0.00000000E+00  0.25000000E+01
  0.10000000E+01  0.00000000E+00  0.25000000E+01
  0.10000000E+01  0.00000000E+00  0.25000000E+01
  0.10000000E+01  0.00000000E+00  0.25000000E+01
  0.10000000E+01  0.00000000E+00  0.25000000E+01
  0.10000000E+01  0.00000000E+00  0.25000000E+01
  0.10000000E+01  0.00000000E+00  0.25000000E+01
  0.10000000E+01  0.00000000E+00  0.25000000E+01
  0.10000000E+01  0.00000000E+00  0.25000000E+01
  0.10000000E+01  0.00000000E+00  0.25000000E+01
  0.10000000E+01  0.00000000E+00  0.25000000E+01
  0.10000000E+01  0.00000000E+00  0.25000000E+01
  0.10000000E+01  0.00000000E+00  0.25000000E+01
  0.10000000E+01  0.00000000E+00  0.25000000E+01
  0.10000000E+01  0.00000000E+00  0.25000000E+01
  0.10000000E+01  0.00000000E+00  0.25000000E+01
  0.10000000E+01  0.00000000E+00  0.25000000E+01
  0.10000000E+01  0.00000000E+00  0.25000000E+01
  0.10000000E+01  0.00000000E+00  0.25000000E+01
  0.10000000E+01  0.00000000E+00  0.25000000E+01
  0.10000000E+01  0.00000000E+00  0.25000000E+01
  0.10000000E+01  0.00000000E+00  0.25000000E+01
  0.10000000E+01  0.00000000E+00  0.25000000E+01
  0.10000000E+01  0.00000000E+00  0.25000000E+01
  0.10000000E+01  0.00000000E+00  0.25000000E+01
  0.10000000E+01  0.00000000E+00  0.25000000E+01
  0.10000000E+01  0.00000000E+00  0.25000000E+01
  0.10000000E+01  0.00000000E+00  0.25000000E+01
  0.10000000E+01  0.00000000E+00  0.25000000E+01
  0.10000000E+01  0.00000000E+00  0.25000000E+01
  0.10000000E+01  0.00000000E+00  0.25000000E+01
  0.10000000E+01  0.00000000E+00  0.25000000E+01
  0.10000000E+01  0.00000000E+00  0.25000000E+01
  0.10000000E+01  0.00000000E+00  0.25000000E+01
  0.10000000E+01  0.00000000E+00  0.25000000E+01
  0.10000000E+01  0.00000000E+00  0.25000000E+01
  0.10000000E+01  0.00000000E+00  0.25000000E+01
  0.10000000E+01  0.00000000E+00  0.25000000E+01
  0.10000000E+01  0.00000000E+00  0.25000000E+01
  0.10000000E+01  0.00000000E+00  0.25000000E+01
  0.10000000E+01  0.00000000E+00  0.25000000E+01
  0.10000000E+01  0.00000000E+00  0.25000000E+01
  0.10000000E+01  0.00000000E+00  0.25000000E+01
  0.10000000E+01  0.00000000E+00  0.25000000E+01
  0.10000000E+01  0.00000000E+00  0.25000000E+01
  0.10000000E+01  0.00000000E+00  0.25000000E+01
  0.10000000E+01  0.00000000E+00  0.25000000E+01
  0.10000000E+01  0.00000000E+00  0.25000000E+01
  0.10000000E+01  0.00000000E+00  0.25000000E+01
  0.10000000E+01  0.00000000E+00  0.25000000E+01
  0.10000000E+01  0.00000000E+00  0.25000000E+01
  0.10000000E+01  0.00000000E+00  0.25000000E+01
  0.10000000E+01  0.00000000E+00  0.25000000E+01
  0.10000000E+01  0.00000000E+00  0.25000000E+01
  0.10000000E+01  0.00000000E+00  0.25000000E+01
  0.10000000E+01  0.00000000E+00  0.25000000E+01
  0.10000000E+01  0.00000000E+00  0.25000000E+01
  0.10000000E+01  0.00000000E+00  0.25000000E+01
  0.10000000E+01  0.00000000E+00  0.25000000E+01
  0.10000000E+01  0.00000000E+00  0.25000000E+01
  0.10000000E+01  0.00000000E+00  0.25000000E+01
  0.10000000E+01  0.00000000E+00  0.25000000E+01
  0.10000000E+01  0.00000000E+00  0.25000000E+01
  0.10000000E+01  0.00000000E+00  0.25000000E+01
  0.10000000E+01  0.00000000E+00  0.25000000E+01
  0.10000000E+01  0.00000000E+00  0.25000000E+01
  0.10000000E+01  0.00000000E+00  0.25000000E+01
  0.10000000E+01  0.00000000E+00  0.25000000E+01
  0.10000000E+01  0.00000000E+00  0.25000000E+01
  0.10000000E+01  0.00000000E+00  0.25000000E+01
  0.10000000E+01  0.00000000E+00  0.25000000E+01
  0.10000000E+01  0.00000000E+00  0.25000000E+01
  0.10000000E+01  0.00000000E+00  0.25000000E+01
  0.10000000E+01  0.00000000E+00  0.25000000E+01
  0.10000000E+01  0.00000000E+00  0.25000000E+01
  0.10000000E+01  0.00000000E+00  0.25000000E+01
  0.10000000E+01  0.00000000E+00  0.25000000E+01
  0.10000000E+01  0.00000000E+00  0.25000000E+01
  0.10000000E+01  0.00000000E+00  0.25000000E+01
  0.10000000E+01  0.00000000E+00  0.25000000E+01
  0.10000000E+01  0.00000000E+00  0.25000000E+01
  0.10000000E+01  0.00000000E+00  0.25000000E+01
  0.10000000E+01  0.00000000E+00  0.25000000E+01
  0.10000000E+01  0.00000000E+00  0.25000000E+01
  0.10000000E+01  0.00000000E+00  0.25000000E+01
  0.10000000E+01  0.00000000E+00  0.25000000E+01
  0.10000000E+01  0.00000000E+00  0.25000000E+01
  0.10000000E+01  0.00000000E+00  0.25000000E+01
  0.10000000E+01  0.00000000E+00  0.25000000E+01
  0.10000000E+01  0.00000000E+00  0.25000000E+01
  0.10000000E+01  0.00000000E+00  0.25000000E+01
  0.10000000E+01  0.00000000E+00  0.25000000E+01
  0.10000000E+01  0.00000000E+00  0.25000000E+01
  0.10000000E+01  0.00000000E+00  0.25000000E+01
  0.10000000E+01  0.00000000E+00  0.25000000E+01
  0.10000000E+01  0.00000000E+00  0.25000000E+01
  0.10000000E+01  0.00000000E+00  0.25000000E+01
  0.10000000E+01  0.00000000E+00  0.25000000E+01
  0.10000000E+01  0.00000000E+00  0.25000000E+01
  0.10000000E+01  0.00000000E+00  0.25000000E+01
  0.10000000E+01  0.00000000E+00  0.25000000E+01
  0.10000000E+01  0.00000000E+00  0.25000000E+01
  0.10000000E+01  0.00000000E+00  0.25000000E+01
  0.10000000E+01  0.00000000E+00  0.25000000E+01
  0.10000000E+01  0.00000000E+00  0.25000000E+01
  0.10000000E+01  0.00000000E+00  0.25000000E+01
  0.10000000E+01  0.00000000E+00  0.25000000E+01
  0.10000000E+01  0.00000000E+00  0.25000000E+01
  0.10000000E+01  0.00000000E+00  0.25000000E+01
  0.10000000E+01  0.00000000E+00  0.25000000E+01
  0.10000000E+01  0.00000000E+00  0.25000000E+01
  0.10000000E+01  0.00000000E+00  0.25000000E+01
  0.10000000E+01  0.00000000E+00  0.25000000E+01
  0.10000000E+01  0.00000000E+00  0.25000000E+01
  0.10000000E+01  0.00000000E+00  0.25000000E+01
  0.10000000E+01  0.00000000E+00  0.25000000E+01
  0.10000000E+01  0.00000000E+00  0.25000000E+01
  0.10000000E+01  0.00000000E+00  0.25000000E+01
  0.10000000E+01  0.00000000E+00  0.25000000E+01
  0.10000000E+01  0.00000000E+00  0.25000000E+01
  0.10000000E+01  0.00000000E+00  0.25000000E+01
  0.10000000E+01  0.00000000E+00  0.25000000E+01
  0.10000000E+01  0.00000000E+00  0.25000000E+01
  0.10000000E+01  0.00000000E+00  0.25000000E+01
  0.10000000E+01  0.00000000E+00  0.25000000E+01
  0.10000000E+01  0.00000000E+00  0.25000000E+01
  0.10000000E+01  0.00000000E+00  0.25000000E+01
  0.10000000E+01  0.00000000E+00  0.25000000E+01
  0.10000000E+01  0.00000000E+00  0.25000000E+01
  0.10000000E+01  0.00000000E+00  0.25000000E+01
  0.10000000E+01  0.00000000E+00  0.25000000E+01
  0.10000000E+01  0.00000000E+00  0.25000000E+01
  0.10000000E+01  0.00000000E+00  0.25000000E+01
  0.10000000E+01  0.00000000E+00  0.25000000E+01
  0.10000000E+01  0.00000000E+00  0.25000000E+01
  0.10000000E+01  0.00000000E+00  0.25000000E+01
  0.10000000E+01  0.00000000E+00  0.25000000E+01
  0.10000000E+01  0.00000000E+00  0.25000000E+01
  0.10000000E+01  0.00000000E+00  0.25000000E+01
  0.10000000E+01  0.00000000E+00  0.25000000E+01
  0.10000000E+01  0.00000000E+00  0.25000000E+01
  0.10000000E+01  0.00000000E+00  0.25000000E+01
  0.10000000E+01  0.00000000E+00  0.25000000E+01
  0.10000000E+01  0.00000000E+00  0.25000000E+01
  0.10000000E+01  0.00000000E+00  0.25000000E+01
  0.10000000E+01  0.00000000E+00  0.25000000E+01
  0.10000000E+01  0.00000000E+00  0.25000000E+01
  0.10000000E+01  0.00000000E+00  0.25000000E+01
  0.10000000E+01  0.00000000E+00  0.25000000E+01
  0.10000000E+01  0.00000000E+00  0.25000000E+01
  0.10000000E+01  0.00000000E+00  0.25000000E+01
  0.10000000E+01  0.00000000E+00  0.25000000E+01
  0.10000000E+01  0.00000000E+00  0.25000000E+01
  0.10000000E+01  0.00000000E+00  0.25000000E+01
  0.10000000E+01  0.00000000E+00  0.25000000E+01
  0.10000000E+01  0.00000000E+00  0.25000000E+01
  0.10000000E+01  0.00000000E+00  0.25000000E+01
  0.10000000E+01  0.00000000E+00  0.25000000E+01
  0.10000000E+01  0.00000000E+00  0.25000000E+01
  0.10000000E+01  0.00000000E+00  0.25000000E+01
  0.10000000E+01  0.00000000E+00  0.25000000E+01
  0.10000000E+01  0.00000000E+00  0.25000000E+01
  0.10000000E+01  0.00000000E+00  0.25000000E+01
  0.10000000E+01  0.00000000E+00  0.25000000E+01
  0.10000000E+01  0.00000000E+00  0.25000000E+01
  0.10000000E+01  0.00000000E+00  0.25000000E+01
  0.10000000E+01  0.00000000E+00  0.25000000E+01
  0.10000000E+01  0.00000000E+00  0.25000000E+01
  0.10000000E+01  0.00000000E+00  0.25000000E+01
  0.10000000E+01  0.00000000E+00  0.25000000E+01
  0.10000000E+01  0.00000000E+00  0.25000000E+01
  0.10000000E+01  0.00000000E+00  0.25000000E+01
  0.10000000E+01  0.00000000E+00  0.25000000E+01
  0.10000000E+01  0.00000000E+00  0.25000000E+01
  0.10000000E+01  0.00000000E+00  0.25000000E+01
  0.10000000E+01  0.00000000E+00  0.25000000E+01
  0.10000000E+01  0.00000000E+00  0.25000000E+01
  0.10000000E+01  0.00000000E+00  0.25000000E+01
  0.10000000E+01  0.00000000E+00  0.25000000E+01
  0.10000000E+01  0.00000000E+00  0.25000000E+01
  0.10000000E+01  0.00000000E+00  0.25000000E+01
  0.10000000E+01  0.00000000E+00  0.25000000E+01
  0.10000000E+01  0.00000000E+00  0.25000000E+01
  0.10000000E+01  0.00000000E+00  0.25000000E+01
  0.10000000E+01  0.00000000E+00  0.25000000E+01
  0.10000000E+01  0.00000000E+00  0.25000000E+01
  0.10000000E+01  0.00000000E+00  0.25000000E+01
  0.10000000E+01  0.00000000E+00  0.25000000E+01
  0.10000000E+01  0.00000000E+00  0.25000000E+01
  0.10000000E+01  0.00000000E+00  0.25000000E+01
  0.10000000E+01  0.00000000E+00  0.25000000E+01
  0.10000000E+01  0.00000000E+00  0.25000000E+01
  0.10000000E+01  0.00000000E+00  0.25000000E+01
  0.10000000E+01  0.00000000E+00  0.25000000E+01
  0.10000000E+01  0.00000000E+00  0.25000000E+01
  0.10000000E+01  0.00000000E+00  0.25000000E+01
  0.10000000E+01  0.00000000E+00  0.25000000E+01
  0.10000000E+01  0.00000000E+00  0.25000000E+01
  0.10000000E+01  0.00000000E+00  0.25000000E+01
  0.10000000E+01  0.00000000E+00  0.25000000E+01
  0.10000000E+01  0.00000000E+00  0.25000000E+01
  0.10000000E+01  0.00000000E+00  0.25000000E+01
  0.10000000E+01  0.00000000E+00  0.25000000E+01
  0.10000000E+01  0.00000000E+00  0.25000000E+01
  0.10000000E+01  0.00000000E+00  0.25000000E+01
  0.10000000E+01  0.00000000E+00  0.25000000E+01
  0.10000000E+01  0.00000000E+00  0.25000000E+01
  0.10000000E+01  0.00000000E+00  0.25000000E+01
  0.10000000E+01  0.00000000E+00  0.25000000E+01
  0.10000000E+01  0.00000000E+00  0.25000000E+01
  0.10000000E+01  0.00000000E+00  0.25000000E+01
  0.10000000E+01  0.00000000E+00  0.25000000E+01
  0.10000000E+01  0.00000000E+00  0.25000000E+01
  0.10000000E+01  0.00000000E+00  0.25000000E+01
  0.10000000E+01  0.00000000E+00  0.25000000E+01
  0.10000000E+01  0.00000000E+00  0.25000000E+01
  0.10000000E+01  0.00000000E+00  0.25000000E+01
  0.10000000E+01  0.00000000E+00  0.25000000E+01
  0.10000000E+01  0.00000000E+00  0.25000000E+01
  0.10000000E+01  0.00000000E+00  0.25000000E+01
  0.10000000E+01  0.00000000E+00  0.25000000E+01
  0.10000000E+01  0.00000000E+00  0.25000000E+01
  0.10000000E+01  0.00000000E+00  0.25000000E+01
  0.10000000E+01  0.00000000E+00  0.25000000E+01
  0.10000000E+01  0.00000000E+00  0.25000000E+01
  0.10000000E+01  0.00000000E+00  0.25000000E+01
  0.10000000E+01  0.00000000E+00  0.25000000E+01
  0.10000000E+01  0.00000000E+00  0.25000000E+01
  0.10000000E+01  0.00000000E+00  0.25000000E+01
  0.10000000E+01  0.00000000E+00  0.25000000E+01
  0.10000000E+01  0.00000000E+00  0.25000000E+01
  0.10000000E+01  0.00000000E+00  0.25000000E+01
  0.10000000E+01  0.00000000E+00  0.25000000E+01
  0.10000000E+01  0.00000000E+00  0.25000000E+01
  0.10000000E+01  0.00000000E+00  0.25000000E+01
  0.10000000E+01  0.00000000E+00  0.25000000E+01
  0.10000000E+01  0.00000000E+00  0.25000000E+01
  0.10000000E+01  0.00000000E+00  0.25000000E+01
  0.10000000E+01  0.00000000E+00  0.25000000E+01
  0.10000000E+01  0.00000000E+00  0.25000000E+01
  0.10000000E+01  0.00000000E+00  0.25000000E+01
  0.10000000E+01  0.00000000E+00  0.25000000E+01
  0.10000000E+01  0.00000000E+00  0.25000000E+01
  0.10000000E+01  0.00000000E+00  0.25000000E+01
  0.10000000E+01  0.00000000E+00  0.25000000E+01
  0.10000000E+01  0.00000000E+00  0.25000000E+01
  0.10000000E+01  0.00000000E+00  0.25000000E+01
  0.10000000E+01  0.00000000E+00  0.25000000E+01
  0.10000000E+01  0.00000000E+00  0.25000000E+01
  0.10000000E+01  0.00000000E+00  0.25000000E+01
  0.10000000E+01  0.00000000E+00  0.25000000E+01
  0.10000000E+01  0.00000000E+00  0.25000000E+01
  0.10000000E+01  0.00000000E+00  0.25000000E+01
  0.10000000E+01  0.00000000E+00  0.25000000E+01
  0.10000000E+01  0.00000000E+00  0.25000000E+01
  0.10000000E+01  0.00000000E+00  0.25000000E+01
  0.10000000E+01  0.00000000E+00  0.25000000E+01
  0.10000000E+01  0.00000000E+00  0.25000000E+01
  0.10000000E+01  0.00000000E+00  0.25000000E+01
  0.10000000E+01  0.00000000E+00  0.25000000E+01
  0.10000000E+01  0.00000000E+00  0.25000000E+01
  0.10000000E+01  0.00000000E+00  0.25000000E+01
  0.10000000E+01  0.00000000E+00  0.25000000E+01
  0.10000000E+01  0.00000000E+00  0.25000000E+01
  0.10000000E+01  0.00000000E+00  0.25000000E+01
  0.10000000E+01  0.00000000E+00  0.25000000E+01
  0.10000000E+01  0.00000000E+00  0.25000000E+01
  0.10000000E+01  0.00000000E+00  0.25000000E+01
  0.10000000E+01  0.00000000E+00  0.25000000E+01
  0.10000000E+01  0.00000000E+00  0.25000000E+01
  0.10000000E+01  0.00000000E+00  0.25000000E+01
  0.10000000E+01  0.00000000E+00  0.25000000E+01
  0.10000000E+01  0.00000000E+00  0.25000000E+01
  0.10000000E+01  0.00000000E+00  0.25000000E+01
  0.10000000E+01  0.00000000E+00  0.25000000E+01
  0.10000000E+01  0.00000000E+00  0.25000000E+01
  0.10000000E+01  0.00000000E+00  0.25000000E+01
  0.10000000E+01  0.00000000E+00  0.25000000E+01
  0.10000000E+01  0.00000000E+00  0.25000000E+01
  0.10000000E+01  0.00000000E+00  0.25000000E+01
  0.10000000E+01  0.00000000E+00  0.25000000E+01
  0.10000000E+01  0.00000000E+00  0.25000000E+01
  0.10000000E+01  0.00000000E+00  0.25000000E+01
  0.10000000E+01  0.00000000E+00  0.25000000E+01
  0.10000000E+01  0.00000000E+00  0.25000000E+01
  0.10000000E+01  0.00000000E+00  0.25000000E+01
  0.10000000E+01  0.00000000E+00  0.25000000E+01
  0.10000000E+01  0.00000000E+00  0.25000000E+01
  0.10000000E+01  0.00000000E+00  0.25000000E+01
  0.10000000E+01  0.00000000E+00  0.25000000E+01
  0.10000000E+01  0.00000000E+00  0.25000000E+01
  0.10000000E+01  0.00000000E+00  0.25000000E+01
  0.10000000E+01  0.00000000E+00  0.25000000E+01
  0.10000000E+01  0.00000000E+00  0.25000000E+01
  0.10000000E+01  0.00000000E+00  0.25000000E+01
  0.10000000E+01  0.00000000E+00  0.25000000E+01
  0.10000000E+01  0.00000000E+00  0.25000000E+01
  0.10000000E+01  0.00000000E+00  0.25000000E+01
  0.10000000E+01  0.00000000E+00  0.25000000E+01
  0.10000000E+01  0.00000000E+00  0.25000000E+01
  0.10000000E+01  0.00000000E+00  0.25000000E+01
  0.10000000E+01  0.00000000E+00  0.25000000E+01
  0.10000000E+01  0.00000000E+00  0.25000000E+01
  0.10000000E+01  0.00000000E+00  0.25000000E+01
  0.10000000E+01  0.00000000E+00  0.25000000E+01
  0.10000000E+01  0.00000000E+00  0.25000000E+01
  0.10000000E+01  0.00000000E+00  0.25000000E+01
  0.10000000E+01  0.00000000E+00  0.25000000E+01
  0.10000000E+01  0.00000000E+00  0.25000000E+01
  0.10000000E+01  0.00000000E+00  0.25000000E+01
  0.10000000E+01  0.00000000E+00  0.25000000E+01
  0.10000000E+01  0.00000000E+00  0.25000000E+01
  0.10000000E+01  0.00000000E+00  0.25000000E+01
  0.10000000E+01  0.00000000E+00  0.25000000E+01
  0.10000000E+01  0.00000000E+00  0.25000000E+01
  0.10000000E+01  0.00000000E+00  0.25000000E+01
  0.10000000E+01  0.00000000E+00  0.25000000E+01
  0.10000000E+01  0.00000000E+00  0.25000000E+01
  0.10000000E+01  0.00000000E+00  0.25000000E+01
  0.10000000E+01  0.00000000E+00  0.25000000E+01
  0.10000000E+01  0.00000000E+00  0.25000000E+01
  0.10000000E+01  0.00000000E+00  0.25000000E+01
  0.10000000E+01  0.00000000E+00  0.25000000E+01
  0.10000000E+01  0.00000000E+00  0.25000000E+01
  0.10000000E+01  0.00000000E+00  0.25000000E+01
  0.10000000E+01  0.00000000E+00  0.25000000E+01
  0.10000000E+01  0.00000000E+00  0.25000000E+01
  0.10000000E+01  0.00000000E+00  0.25000000E+01
  0.10000000E+01  0.00000000E+00  0.25000000E+01
  0.10000000E+01  0.00000000E+00  0.25000000E+01
  0.10000000E+01  0.00000000E+00  0.25000000E+01
  0.10000000E+01  0.00000000E+00  0.25000000E+01
  0.10000000E+01  0.00000000E+00  0.25000000E+01
  0.10000000E+01  0.00000000E+00  0.25000000E+01
  0.10000000E+01  0.00000000E+00  0.25000000E+01
  0.10000000E+01  0.00000000E+00  0.25000000E+01
  0.10000000E+01  0.00000000E+00  0.25000000E+01
  0.10000000E+01  0.00000000E+00  0.25000000E+01
  0.10000000E+01  0.00000000E+00  0.25000000E+01
  0.10000000E+01  0.00000000E+00  0.25000000E+01
  0.10000000E+01  0.00000000E+00  0.25000000E+01
  0.10000000E+01  0.00000000E+00  0.25000000E+01
  0.10000000E+01  0.00000000E+00  0.25000000E+01
  0.10000000E+01  0.00000000E+00  0.25000000E+01
  0.10000000E+01  0.00000000E+00  0.25000000E+01
  0.10000000E+01  0.00000000E+00  0.25000000E+01
  0.10000000E+01  0.00000000E+00  0.25000000E+01
  0.10000000E+01  0.00000000E+00  0.25000000E+01
  0.10000000E+01  0.00000000E+00  0.25000000E+01
  0.10000000E+01  0.00000000E+00  0.25000000E+01
  0.10000000E+01  0.00000000E+00  0.25000000E+01
  0.10000000E+01  0.00000000E+00  0.25000000E+01
  0.10000000E+01  0.00000000E+00  0.25000000E+01
  0.10000000E+01  0.00000000E+00  0.25000000E+01
  0.10000000E+01  0.00000000E+00  0.25000000E+01
  0.10000000E+01  0.00000000E+00  0.25000000E+01
  0.10000000E+01  0.00000000E+00  0.25000000E+01
  0.10000000E+01  0.00000000E+00  0.25000000E+01
  0.10000000E+01  0.00000000E+00  0.25000000E+01
  0.10000000E+01  0.00000000E+00  0.25000000E+01
  0.10000000E+01  0.00000000E+00  0.25000000E+01
  0.10000000E+01  0.00000000E+00  0.25000000E+01
  0.10000000E+01  0.00000000E+00  0.25000000E+01
  0.10000000E+01  0.00000000E+00  0.25000000E+01
  0.10000000E+01  0.00000000E+00  0.25000000E+01
  0.10000000E+01  0.00000000E+00  0.25000000E+01
  0.10000000E+01  0.00000000E+00  0.25000000E+01
  0.10000000E+01  0.00000000E+00  0.25000000E+01
  0.10000000E+01  0.00000000E+00  0.25000000E+01
  0.10000000E+01  0.00000000E+00  0.25000000E+01
  0.10000000E+01  0.00000000E+00  0.25000000E+01
  0.10000000E+01  0.00000000E+00  0.25000000E+01
  0.10000000E+01  0.00000000E+00  0.25000000E+01
  0.10000000E+01  0.00000000E+00  0.25000000E+01
  0.10000000E+01  0.00000000E+00  0.25000000E+01
  0.10000000E+01  0.00000000E+00  0.25000000E+01
  0.10000000E+01  0.00000000E+00  0.25000000E+01
  0.10000000E+01  0.00000000E+00  0.25000000E+01
  0.10000000E+01  0.00000000E+00  0.25000000E+01
  0.10000000E+01  0.00000000E+00  0.25000000E+01
  0.10000000E+01  0.00000000E+00  0.25000000E+01
  0.10000000E+01  0.00000000E+00  0.25000000E+01
  0.10000000E+01  0.00000000E+00  0.25000000E+01
  0.10000000E+01  0.00000000E+00  0.25000000E+01
  0.10000000E+01  0.00000000E+00  0.25000000E+01
  0.10000000E+01  0.00000000E+00  0.25000000E+01
  0.10000000E+01  0.00000000E+00  0.25000000E+01
  0.10000000E+01  0.00000000E+00  0.25000000E+01
  0.10000000E+01  0.00000000E+00  0.25000000E+01
  0.10000000E+01  0.00000000E+00  0.25000000E+01
  0.10000000E+01  0.00000000E+00  0.25000000E+01
  0.10000000E+01  0.00000000E+00  0.25000000E+01
  0.10000000E+01  0.00000000E+00  0.25000000E+01
  0.10000000E+01  0.00000000E+00  0.25000000E+01
  0.10000000E+01  0.00000000E+00  0.25000000E+01
  0.10000000E+01  0.00000000E+00  0.25000000E+01
  0.10000000E+01  0.00000000E+00  0.25000000E+01
  0.10000000E+01  0.00000000E+00  0.25000000E+01
  0.10000000E+01  0.00000000E+00  0.25000000E+01
  0.10000000E+01  0.00000000E+00  0.25000000E+01
  0.10000000E+01  0.00000000E+00  0.25000000E+01
  0.10000000E+01  0.00000000E+00  0.25000000E+01
  0.10000000E+01  0.00000000E+00  0.25000000E+01
  0.10000000E+01  0.00000000E+00  0.25000000E+01
  0.10000000E+01  0.00000000E+00  0.25000000E+01
  0.10000000E+01  0.00000000E+00  0.25000000E+01
  0.10000000E+01  0.00000000E+00  0.25000000E+01
  0.10000000E+01  0.00000000E+00  0.25000000E+01
  0.10000000E+01  0.00000000E+00  0.25000000E+01
  0.10000000E+01  0.00000000E+00  0.25000000E+01
  0.10000000E+01  0.00000000E+00  0.25000000E+01
  0.10000000E+01  0.00000000E+00  0.25000000E+01
  0.10000000E+01  0.00000000E+00  0.25000000E+01
  0.10000000E+01  0.00000000E+00  0.25000000E+01
  0.10000000E+01  0.00000000E+00  0.25000000E+01
  0.10000000E+01  0.00000000E+00  0.25000000E+01
  0.10000000E+01  0.00000000E+00  0.25000000E+01
  0.10000000E+01  0.00000000E+00  0.25000000E+01
  0.10000000E+01  0.00000000E+00  0.25000000E+01
  0.10000000E+01  0.00000000E+00  0.25000000E+01
  0.10000000E+01  0.00000000E+00  0.25000000E+01
  0.10000000E+01  0.00000000E+00  0.25000000E+01
  0.10000000E+01  0.00000000E+00  0.25000000E+01
  0.10000000E+01  0.00000000E+00  0.25000000E+01
  0.10000000E+01  0.00000000E+00  0.25000000E+01
  0.10000000E+01  0.00000000E+00  0.25000000E+01
  0.10000000E+01  0.00000000E+00  0.25000000E+01
  0.10000000E+01  0.00000000E+00  0.25000000E+01
  0.10000000E+01  0.00000000E+00  0.25000000E+01
  0.10000000E+01  0.00000000E+00  0.25000000E+01
  0.10000000E+01  0.00000000E+00  0.25000000E+01
  0.10000000E+01  0.00000000E+00  0.25000000E+01
  0.10000000E+01  0.00000000E+00  0.25000000E+01
  0.10000000E+01  0.00000000E+00  0.25000000E+01
  0.10000000E+01  0.00000000E+00  0.25000000E+01
  0.10000000E+01  0.00000000E+00  0.25000000E+01
  0.10000000E+01  0.00000000E+00  0.25000000E+01
  0.10000000E+01  0.00000000E+00  0.25000000E+01
  0.10000000E+01  0.00000000E+00  0.25000000E+01
  0.10000000E+01  0.00000000E+00  0.25000000E+01
  0.10000000E+01  0.00000000E+00  0.25000000E+01
  0.10000000E+01  0.00000000E+00  0.25000000E+01
  0.10000000E+01  0.00000000E+00  0.25000000E+01
  0.10000000E+01  0.00000000E+00  0.25000000E+01
  0.10000000E+01  0.00000000E+00  0.25000000E+01
  0.10000000E+01  0.00000000E+00  0.25000000E+01
  0.10000000E+01  0.00000000E+00  0.25000000E+01
  0.10000000E+01  0.00000000E+00  0.25000000E+01
  0.10000000E+01  0.00000000E+00  0.25000000E+01
  0.10000000E+01  0.00000000E+00  0.25000000E+01
  0.10000000E+01  0.00000000E+00  0.25000000E+01
  0.10000000E+01  0.00000000E+00  0.25000000E+01
  0.10000000E+01  0.00000000E+00  0.25000000E+01
  0.10000000E+01  0.00000000E+00  0.25000000E+01
  0.10000000E+01  0.00000000E+00  0.25000000E+01
  0.10000000E+01  0.00000000E+00  0.25000000E+01
  0.10000000E+01  0.00000000E+00  0.25000000E+01
  0.10000000E+01  0.00000000E+00  0.25000000E+01
  0.10000000E+01  0.00000000E+00  0.25000000E+01
  0.10000000E+01  0.00000000E+00  0.25000000E+01
  0.10000000E+01  0.00000000E+00  0.25000000E+01
  0.10000000E+01  0.00000000E+00  0.25000000E+01
  0.10000000E+01  0.00000000E+00  0.25000000E+01
  0.10000000E+01  0.00000000E+00  0.25000000E+01
  0.10000000E+01  0.00000000E+00  0.25000000E+01
  0.10000000E+01  0.00000000E+00  0.25000000E+01
  0.10000000E+01  0.00000000E+00  0.25000000E+01
  0.10000000E+01  0.00000000E+00  0.25000000E+01
  0.10000000E+01  0.00000000E+00  0.25000000E+01
  0.10000000E+01  0.00000000E+00  0.25000000E+01
  0.10000000E+01  0.00000000E+00  0.25000000E+01
  0.10000000E+01  0.00000000E+00  0.25000000E+01
  0.10000000E+01  0.00000000E+00  0.25000000E+01
  0.10000000E+01  0.00000000E+00  0.25000000E+01
  0.10000000E+01  0.00000000E+00  0.25000000E+01
  0.10000000E+01  0.00000000E+00  0.25000000E+01
  0.10000000E+01  0.00000000E+00  0.25000000E+01
  0.10000000E+01  0.00000000E+00  0.25000000E+01
  0.10000000E+01  0.00000000E+00  0.25000000E+01
  0.10000000E+01  0.00000000E+00  0.25000000E+01
  0.10000000E+01  0.00000000E+00  0.25000000E+01
  0.10000000E+01  0.00000000E+00  0.25000000E+01
  0.10000000E+01  0.00000000E+00  0.25000000E+01
  0.10000000E+01  0.00000000E+00  0.25000000E+01
  0.10000000E+01  0.00000000E+00  0.25000000E+01
  0.10000000E+01  0.00000000E+00  0.25000000E+01
  0.10000000E+01  0.00000000E+00  0.25000000E+01
  0.10000000E+01  0.00000000E+00  0.25000000E+01
  0.10000000E+01  0.00000000E+00  0.25000000E+01
  0.10000000E+01  0.00000000E+00  0.25000000E+01
  0.10000000E+01  0.00000000E+00  0.25000000E+01
  0.10000000E+01  0.00000000E+00  0.25000000E+01
  0.10000000E+01  0.00000000E+00  0.25000000E+01
  0.10000000E+01  0.00000000E+00  0.25000000E+01
  0.10000000E+01  0.00000000E+00  0.25000000E+01
  0.10000000E+01  0.00000000E+00  0.25000000E+01
  0.10000000E+01  0.00000000E+00  0.25000000E+01
  0.10000000E+01  0.00000000E+00  0.25000000E+01
  0.10000000E+01  0.00000000E+00  0.25000000E+01
  0.10000000E+01  0.00000000E+00  0.25000000E+01
  0.10000000E+01  0.00000000E+00  0.25000000E+01
  0.10000000E+01  0.00000000E+00  0.25000000E+01
  0.10000000E+01  0.00000000E+00  0.25000000E+01
  0.10000000E+01  0.00000000E+00  0.25000000E+01
  0.10000000E+01  0.00000000E+00  0.25000000E+01
  0.10000000E+01  0.00000000E+00  0.25000000E+01
  0.10000000E+01  0.00000000E+00  0.25000000E+01
  0.10000000E+01  0.00000000E+00  0.25000000E+01
  0.10000000E+01  0.00000000E+00  0.25000000E+01
  0.10000000E+01  0.00000000E+00  0.25000000E+01
  0.10000000E+01  0.00000000E+00  0.25000000E+01
  0.10000000E+01  0.00000000E+00  0.25000000E+01
  0.10000000E+01  0.00000000E+00  0.25000000E+01
  0.10000000E+01  0.00000000E+00  0.25000000E+01
  0.10000000E+01  0.00000000E+00  0.25000000E+01
  0.10000000E+01  0.00000000E+00  0.25000000E+01
  0.10000000E+01  0.00000000E+00  0.25000000E+01
  0.10000000E+01  0.00000000E+00  0.25000000E+01
  0.10000000E+01  0.00000000E+00  0.25000000E+01
  0.10000000E+01  0.00000000E+00  0.25000000E+01
  0.10000000E+01  0.00000000E+00  0.25000000E+01
  0.10000000E+01  0.00000000E+00  0.25000000E+01
  0.10000000E+01  0.00000000E+00  0.25000000E+01
  0.10000000E+01  0.00000000E+00  0.25000000E+01
  0.10000000E+01  0.00000000E+00  0.25000000E+01
  0.10000000E+01  0.00000000E+00  0.25000000E+01
  0.10000000E+01  0.00000000E+00  0.25000000E+01
  0.10000000E+01  0.00000000E+00  0.25000000E+01
  0.10000000E+01  0.00000000E+00  0.25000000E+01
  0.10000000E+01  0.00000000E+00  0.25000000E+01
  0.10000000E+01  0.00000000E+00  0.25000000E+01
  0.10000000E+01  0.00000000E+00  0.25000000E+01
  0.10000000E+01  0.00000000E+00  0.25000000E+01
  0.10000000E+01  0.00000000E+00  0.25000000E+01
  0.10000000E+01  0.00000000E+00  0.25000000E+01
  0.10000000E+01  0.00000000E+00  0.25000000E+01
  0.10000000E+01  0.00000000E+00  0.25000000E+01
  0.10000000E+01  0.00000000E+00  0.25000000E+01
  0.10000000E+01  0.00000000E+00  0.25000000E+01
  0.10000000E+01  0.00000000E+00  0.25000000E+01
  0.10000000E+01  0.00000000E+00  0.25000000E+01
  0.10000000E+01  0.00000000E+00  0.25000000E+01
  0.10000000E+01  0.00000000E+00  0.25000000E+01
  0.10000000E+01  0.00000000E+00  0.25000000E+01
  0.10000000E+01  0.00000000E+00  0.25000000E+01
  0.10000000E+01  0.00000000E+00  0.25000000E+01
  0.10000000E+01  0.00000000E+00  0.25000000E+01
  0.10000000E+01  0.00000000E+00  0.25000000E+01
  0.10000000E+01  0.00000000E+00  0.25000000E+01
  0.10000000E+01  0.00000000E+00  0.25000000E+01
  0.10000000E+01  0.00000000E+00  0.25000000E+01
  0.10000000E+01  0.00000000E+00  0.25000000E+01
  0.10000000E+01  0.00000000E+00  0.25000000E+01
  0.10000000E+01  0.00000000E+00  0.25000000E+01
  0.10000000E+01  0.00000000E+00  0.25000000E+01
  0.10000000E+01  0.00000000E+00  0.25000000E+01
  0.10000000E+01  0.00000000E+00  0.25000000E+01
  0.10000000E+01  0.00000000E+00  0.25000000E+01
  0.10000000E+01  0.00000000E+00  0.25000000E+01
  0.10000000E+01  0.00000000E+00  0.25000000E+01
  0.10000000E+01  0.00000000E+00  0.25000000E+01
  0.10000000E+01  0.00000000E+00  0.25000000E+01
  0.10000000E+01  0.00000000E+00  0.25000000E+01
  0.10000000E+01  0.00000000E+00  0.25000000E+01
  0.10000000E+01  0.00000000E+00  0.25000000E+01
  0.10000000E+01  0.00000000E+00  0.25000000E+01
  0.10000000E+01  0.00000000E+00  0.25000000E+01
  0.10000000E+01  0.00000000E+00  0.25000000E+01
  0.10000000E+01  0.00000000E+00  0.25000000E+01
  0.10000000E+01  0.00000000E+00  0.25000000E+01
  0.10000000E+01  0.00000000E+00  0.25000000E+01
  0.10000000E+01  0.00000000E+00  0.25000000E+01
  0.10000000E+01  0.00000000E+00  0.25000000E+01
  0.10000000E+01  0.00000000E+00  0.25000000E+01
  0.10000000E+01  0.00000000E+00  0.25000000E+01
  0.10000000E+01  0.00000000E+00  0.25000000E+01
  0.10000000E+01  0.00000000E+00  0.25000000E+01
  0.10000000E+01  0.00000000E+00  0.25000000E+01
  0.10000000E+01  0.00000000E+00  0.25000000E+01
  0.10000000E+01  0.00000000E+00  0.25000000E+01
  0.10000000E+01  0.00000000E+00  0.25000000E+01
  0.10000000E+01  0.00000000E+00  0.25000000E+01
  0.10000000E+01  0.00000000E+00  0.25000000E+01
  0.10000000E+01  0.00000000E+00  0.25000000E+01
  0.10000000E+01  0.00000000E+00  0.25000000E+01
  0.10000000E+01  0.00000000E+00  0.25000000E+01
  0.10000000E+01  0.00000000E+00  0.25000000E+01
  0.10000000E+01  0.00000000E+00  0.25000000E+01
  0.10000000E+01  0.00000000E+00  0.25000000E+01
  0.10000000E+01  0.00000000E+00  0.25000000E+01
  0.10000000E+01  0.00000000E+00  0.25000000E+01
  0.10000000E+01  0.00000000E+00  0.25000000E+01
  0.10000000E+01  0.00000000E+00  0.25000000E+01
  0.10000000E+01  0.00000000E+00  0.25000000E+01
  0.10000000E+01  0.00000000E+00  0.25000000E+01
  0.10000000E+01  0.00000000E+00  0.25000000E+01
  0.10000000E+01  0.00000000E+00  0.25000000E+01
  0.10000000E+01  0.00000000E+00  0.25000000E+01
  0.10000000E+01  0.00000000E+00  0.25000000E+01
  0.10000000E+01  0.00000000E+00  0.25000000E+01
  0.10000000E+01  0.00000000E+00  0.25000000E+01
  0.10000000E+01  0.00000000E+00  0.25000000E+01
  0.10000000E+01  0.00000000E+00  0.25000000E+01
  0.10000000E+01  0.00000000E+00  0.25000000E+01
  0.10000000E+01  0.00000000E+00  0.25000000E+01
  0.10000000E+01  0.00000000E+00  0.25000000E+01
  0.10000000E+01  0.00000000E+00  0.25000000E+01
  0.10000000E+01  0.00000000E+00  0.25000000E+01
  0.10000000E+01  0.00000000E+00  0.25000000E+01
  0.10000000E+01  0.00000000E+00  0.25000000E+01
  0.10000000E+01  0.00000000E+00  0.25000000E+01
  0.10000000E+01  0.00000000E+00  0.25000000E+01
  0.10000000E+01  0.00000000E+00  0.25000000E+01
  0.10000000E+01  0.00000000E+00  0.25000000E+01
  0.10000000E+01  0.00000000E+00  0.25000000E+01
  0.10000000E+01  0.00000000E+00  0.25000000E+01
  0.10000000E+01  0.00000000E+00  0.25000000E+01
  0.10000000E+01  0.00000000E+00  0.25000000E+01
  0.10000000E+01  0.00000000E+00  0.25000000E+01
  0.10000000E+01  0.00000000E+00  0.25000000E+01
  0.10000000E+01  0.00000000E+00  0.25000000E+01
  0.10000000E+01  0.00000000E+00  0.25000000E+01
  0.10000000E+01  0.00000000E+00  0.25000000E+01
  0.10000000E+01  0.00000000E+00  0.25000000E+01
  0.10000000E+01  0.00000000E+00  0.25000000E+01
  0.10000000E+01  0.00000000E+00  0.25000000E+01
  0.10000000E+01  0.00000000E+00  0.25000000E+01
  0.10000000E+01  0.00000000E+00  0.25000000E+01
  0.10000000E+01  0.00000000E+00  0.25000000E+01
  0.10000000E+01  0.00000000E+00  0.25000000E+01
  0.10000000E+01  0.00000000E+00  0.25000000E+01
  0.10000000E+01  0.00000000E+00  0.25000000E+01
  0.10000000E+01  0.00000000E+00  0.25000000E+01
  0.10000000E+01  0.00000000E+00  0.25000000E+01
  0.10000000E+01  0.00000000E+00  0.25000000E+01
  0.10000000E+01  0.00000000E+00  0.25000000E+01
  0.10000000E+01  0.00000000E+00  0.25000000E+01
  0.10000000E+01  0.00000000E+00  0.25000000E+01
  0.10000000E+01  0.00000000E+00  0.25000000E+01
  0.10000000E+01  0.00000000E+00  0.25000000E+01
  0.10000000E+01  0.00000000E+00  0.25000000E+01
  0.10000000E+01  0.00000000E+00  0.25000000E+01
  0.10000000E+01  0.00000000E+00  0.25000000E+01
  0.10000000E+01  0.00000000E+00  0.25000000E+01
  0.10000000E+01  0.00000000E+00  0.25000000E+01
  0.10000000E+01  0.00000000E+00  0.25000000E+01
  0.10000000E+01  0.00000000E+00  0.25000000E+01
  0.10000000E+01  0.00000000E+00  0.25000000E+01
  0.10000000E+01  0.00000000E+00  0.25000000E+01
  0.10000000E+01  0.00000000E+00  0.25000000E+01
  0.10000000E+01  0.00000000E+00  0.25000000E+01
  0.10000000E+01  0.00000000E+00  0.25000000E+01
  0.10000000E+01  0.00000000E+00  0.25000000E+01
  0.10000000E+01  0.00000000E+00  0.25000000E+01
  0.10000000E+01  0.00000000E+00  0.25000000E+01
  0.10000000E+01  0.00000000E+00  0.25000000E+01
  0.10000000E+01  0.00000000E+00  0.25000000E+01
  0.10000000E+01  0.00000000E+00  0.25000000E+01
  0.10000000E+01  0.00000000E+00  0.25000000E+01
  0.10000000E+01  0.00000000E+00  0.25000000E+01
  0.10000000E+01  0.00000000E+00  0.25000000E+01
  0.10000000E+01  0.00000000E+00  0.25000000E+01
  0.10000000E+01  0.00000000E+00  0.25000000E+01
  0.10000000E+01  0.00000000E+00  0.25000000E+01
  0.10000000E+01  0.00000000E+00  0.25000000E+01
  0.10000000E+01  0.00000000E+00  0.25000000E+01
  0.10000000E+01  0.00000000E+00  0.25000000E+01
  0.10000000E+01  0.00000000E+00  0.25000000E+01
  0.10000000E+01  0.00000000E+00  0.25000000E+01
  0.10000000E+01  0.00000000E+00  0.25000000E+01
  0.10000000E+01  0.00000000E+00  0.25000000E+01
  0.10000000E+01  0.00000000E+00  0.25000000E+01
  0.10000000E+01  0.00000000E+00  0.25000000E+01
  0.10000000E+01  0.00000000E+00  0.25000000E+01
  0.10000000E+01  0.00000000E+00  0.25000000E+01
  0.10000000E+01  0.00000000E+00  0.25000000E+01
  0.10000000E+01  0.00000000E+00  0.25000000E+01
  0.10000000E+01  0.00000000E+00  0.25000000E+01
  0.10000000E+01  0.00000000E+00  0.25000000E+01
  0.10000000E+01  0.00000000E+00  0.25000000E+01
  0.10000000E+01  0.00000000E+00  0.25000000E+01
  0.10000000E+01  0.00000000E+00  0.25000000E+01
  0.10000000E+01  0.00000000E+00  0.25000000E+01
  0.10000000E+01  0.00000000E+00  0.25000000E+01
  0.10000000E+01  0.00000000E+00  0.25000000E+01
  0.10000000E+01  0.00000000E+00  0.25000000E+01
  0.10000000E+01  0.00000000E+00  0.25000000E+01
  0.10000000E+01  0.00000000E+00  0.25000000E+01
  0.10000000E+01  0.00000000E+00  0.25000000E+01
  0.10000000E+01  0.00000000E+00  0.25000000E+01
  0.10000000E+01  0.00000000E+00  0.25000000E+01
  0.10000000E+01  0.00000000E+00  0.25000000E+01
  0.10000000E+01  0.00000000E+00  0.25000000E+01
  0.10000000E+01  0.00000000E+00  0.25000000E+01
  0.10000000E+01  0.00000000E+00  0.25000000E+01
  0.10000000E+01  0.00000000E+00  0.25000000E+01
  0.10000000E+01  0.00000000E+00  0.25000000E+01
  0.10000000E+01  0.00000000E+00  0.25000000E+01
  0.10000000E+01  0.00000000E+00  0.25000000E+01
  0.10000000E+01  0.00000000E+00  0.25000000E+01
  0.10000000E+01  0.00000000E+00  0.25000000E+01
  0.10000000E+01  0.00000000E+00  0.25000000E+01
  0.10000000E+01  0.00000000E+00  0.25000000E+01
  0.10000000E+01  0.00000000E+00  0.25000000E+01
  0.10000000E+01  0.00000000E+00  0.25000000E+01
  0.10000000E+01  0.00000000E+00  0.25000000E+01
  0.10000000E+01  0.00000000E+00  0.25000000E+01
  0.10000000E+01  0.00000000E+00  0.25000000E+01
  0.10000000E+01  0.00000000E+00  0.25000000E+01
  0.10000000E+01  0.00000000E+00  0.25000000E+01
  0.10000000E+01  0.00000000E+00  0.25000000E+01
  0.10000000E+01  0.00000000E+00  0.25000000E+01
  0.10000000E+01  0.00000000E+00  0.25000000E+01
  0.10000000E+01  0.00000000E+00  0.25000000E+01
  0.10000000E+01  0.00000000E+00  0.25000000E+01
  0.10000000E+01  0.00000000E+00  0.25000000E+01
  0.10000000E+01  0.00000000E+00  0.25000000E+01
  0.10000000E+01  0.00000000E+00  0.25000000E+01
  0.10000000E+01  0.00000000E+00  0.25000000E+01
  0.10000000E+01  0.00000000E+00  0.25000000E+01
  0.10000000E+01  0.00000000E+00  0.25000000E+01
  0.10000000E+01  0.00000000E+00  0.25000000E+01
  0.10000000E+01  0.00000000E+00  0.25000000E+01
  0.10000000E+01  0.00000000E+00  0.25000000E+01
  0.10000000E+01  0.00000000E+00  0.25000000E+01
  0.10000000E+01  0.00000000E+00  0.25000000E+01
  0.10000000E+01  0.00000000E+00  0.25000000E+01
  0.10000000E+01  0.00000000E+00  0.25000000E+01
  0.10000000E+01  0.00000000E+00  0.25000000E+01
  0.10000000E+01  0.00000000E+00  0.25000000E+01
  0.10000000E+01  0.00000000E+00  0.25000000E+01
  0.10000000E+01  0.00000000E+00  0.25000000E+01
  0.10000000E+01  0.00000000E+00  0.25000000E+01
  0.10000000E+01  0.00000000E+00  0.25000000E+01
  0.10000000E+01  0.00000000E+00  0.25000000E+01
  0.10000000E+01  0.00000000E+00  0.25000000E+01
  0.10000000E+01  0.00000000E+00  0.25000000E+01
  0.10000000E+01  0.00000000E+00  0.25000000E+01
  0.10000000E+01  0.00000000E+00  0.25000000E+01
  0.10000000E+01  0.00000000E+00  0.25000000E+01
  0.10000000E+01  0.00000000E+00  0.25000000E+01
  0.10000000E+01  0.00000000E+00  0.25000000E+01
  0.10000000E+01  0.00000000E+00  0.25000000E+01
  0.10000000E+01  0.00000000E+00  0.25000000E+01
  0.10000000E+01  0.00000000E+00  0.25000000E+01
  0.10000000E+01  0.00000000E+00  0.25000000E+01
  0.10000000E+01  0.00000000E+00  0.25000000E+01
  0.10000000E+01  0.00000000E+00  0.25000000E+01
  0.10000000E+01  0.00000000E+00  0.25000000E+01
  0.10000000E+01  0.00000000E+00  0.25000000E+01
  0.10000000E+01  0.00000000E+00  0.25000000E+01
  0.10000000E+01  0.23089624E-97  0.25000000E+01
  0.10000000E+01  0.24575416E-95  0.25000000E+01
  0.10000000E+01  0.23794127E-93  0.25000000E+01
  0.10000000E+01  0.23736982E-91  0.25000000E+01
  0.10000000E+01  0.26069207E-89  0.25000000E+01
  0.10000000E+01  0.29532853E-87  0.25000000E+01
  0.10000000E+01  0.33565848E-85  0.25000000E+01
  0.10000000E+01  0.37580028E-83  0.25000000E+01
  0.10000000E+01  0.40041319E-81  0.25000000E+01
  0.10000000E+01  0.39323903E-79  0.25000000E+01
  0.10000000E+01  0.35122068E-77  0.25000000E+01
  0.10000000E+01  0.29812488E-75  0.25000000E+01
  0.10000000E+01  0.25082935E-73  0.25000000E+01
  0.10000000E+01  0.21171221E-71  0.25000000E+01
  0.10000000E+01  0.17503188E-69  0.25000000E+01
  0.10000000E+01  0.14061988E-67  0.25000000E+01
  0.10000000E+01  0.10933685E-65  0.25000000E+01
  0.10000000E+01  0.83597172E-64  0.25000000E+01
  0.10000000E+01  0.62931138E-62  0.25000000E+01
  0.10000000E+01  0.47360204E-60  0.25000000E+01
  0.10000000E+01  0.35342385E-58  0.25000000E+01
  0.10000000E+01  0.26546084E-56  0.25000000E+01
  0.10000000E+01  0.19754807E-54  0.25000000E+01
  0.10000000E+01  0.14865093E-52  0.25000000E+01
  0.10000000E+01  0.11040177E-50  0.25000000E+01
  0.10000000E+01  0.83301204E-49  0.25000000E+01
  0.10000000E+01  0.58727254E-47  0.25000000E+01
  0.10000000E+01  0.34518413E-45  0.25000000E+01
  0.10000000E+01  0.16335029E-43  0.25000000E+01
  0.10000000E+01  0.63373796E-42  0.25000000E+01
  0.10000000E+01  0.23017164E-40  0.25000000E+01
  0.10000000E+01  0.90442508E-39  0.25000000E+01
  0.10000000E+01  0.51250133E-37  0.25000000E+01
  0.10000000E+01  0.31579895E-35  0.25000000E+01
  0.10000000E+01  0.25194222E-33  0.25000000E+01
  0.10000000E+01  0.34969544E-31  0.25000000E+01
  0.10000000E+01  0.62832841E-29  0.25000000E+01
  0.10000000E+01  0.52997662E-27  0.25000000E+01
  0.10000000E+01  0.50147433E-25  0.25000000E+01
  0.10000000E+01  0.32222484E-23  0.25000000E+01
  0.10000000E+01  0.29680354E-21  0.25000000E+01
  0.10000000E+01  0.17256049E-19  0.25000000E+01
  0.10000000E+01  0.18890799E-17  0.25000000E+01
  0.10000000E+01  0.56719743E-16  0.25000000E+01
  0.10000000E+01  0.32064030E-15  0.25000000E+01
  0.10000000E+01  0.15468147E-14  0.25000000E+01
  0.10000000E+01  0.88988395E-14  0.25000000E+01
  0.10000000E+01  0.48702324E-13  0.25000000E+01
  0.10000000E+01  0.26930573E-12  0.25000000E+01
  0.10000000E+01  0.14784056E-11  0.25000000E+01
  0.10000000E+01  0.80484369E-11  0.25000000E+01
  0.10000000E+01  0.43548330E-10  0.25000000E+01
  0.10000000E+01  0.23455588E-09  0.25000000E+01
  0.10000000E+01  0.12589826E-08  0.25000000E+01
  0.99999999E+00  0.67398408E-08  0.25000000E+01
  0.99999997E+00  0.36000078E-07  0.24999999E+01
  0.99999984E+00  0.19183126E-06  0.24999994E+01
  0.99999914E+00  0.10191005E-05  0.24999970E+01
  0.99999544E+00  0.53933330E-05  0.24999840E+01
  0.99997597E+00  0.28426847E-04  0.24999159E+01
  0.99987368E+00  0.14944460E-03  0.24995579E+01
  0.99930450E+00  0.82242197E-03  0.24975668E+01
  0.99763073E+00  0.27986493E-02  0.24917170E+01
  0.99478672E+00  0.61474995E-02  0.24817952E+01
  0.99089873E+00  0.10707159E-01  0.24682676E+01
  0.98617970E+00  0.16212668E-01  0.24519047E+01
  0.98085425E+00  0.22387571E-01  0.24335132E+01
  0.97511420E+00  0.28997635E-01  0.24137783E+01
  0.96910376E+00  0.35868135E-01  0.23932121E+01
  0.96292256E+00  0.42879106E-01  0.23721667E+01
  0.95663630E+00  0.49951968E-01  0.23508731E+01
  0.95028733E+00  0.57036448E-01  0.23294792E+01
  0.94390295E+00  0.64100373E-01  0.23080795E+01
  0.93750112E+00  0.71122764E-01  0.22867359E+01
  0.93109406E+00  0.78089559E-01  0.22654895E+01
  0.92469037E+00  0.84991056E-01  0.22443689E+01
  0.91829626E+00  0.91820388E-01  0.22233944E+01
  0.91191636E+00  0.98572595E-01  0.22025803E+01
  0.90555424E+00  0.10524405E+00  0.21819374E+01
  0.89921264E+00  0.11183208E+00  0.21614736E+01
  0.89289373E+00  0.11833470E+00  0.21411947E+01
  0.88659924E+00  0.12475048E+00  0.21211050E+01
  0.88033059E+00  0.13107838E+00  0.21012075E+01
  0.87408893E+00  0.13731765E+00  0.20815046E+01
  0.86787518E+00  0.14346783E+00  0.20619977E+01
  0.86169014E+00  0.14952861E+00  0.20426876E+01
  0.85553446E+00  0.15549988E+00  0.20235750E+01
  0.84940867E+00  0.16138163E+00  0.20046599E+01
  0.84331324E+00  0.16717396E+00  0.19859421E+01
  0.83724856E+00  0.17287708E+00  0.19674212E+01
  0.83121495E+00  0.17849127E+00  0.19490965E+01
  0.82521267E+00  0.18401686E+00  0.19309671E+01
  0.81924194E+00  0.18945424E+00  0.19130321E+01
  0.81330293E+00  0.19480383E+00  0.18952904E+01
  0.80739578E+00  0.20006611E+00  0.18777407E+01
  0.80152062E+00  0.20524157E+00  0.18603818E+01
  0.79567756E+00  0.21033075E+00  0.18432123E+01
  0.78986666E+00  0.21533417E+00  0.18262309E+01
  0.78408801E+00  0.22025242E+00  0.18094360E+01
  0.77834164E+00  0.22508607E+00  0.17928262E+01
  0.77262761E+00  0.22983572E+00  0.17764000E+01
  0.76694594E+00  0.23450197E+00  0.17601558E+01
  0.76129665E+00  0.23908543E+00  0.17440922E+01
  0.75567977E+00  0.24358672E+00  0.17282074E+01
  0.75009531E+00  0.24800648E+00  0.17125001E+01
  0.74454327E+00  0.25234532E+00  0.16969685E+01
  0.73902366E+00  0.25660389E+00  0.16816111E+01
  0.73353649E+00  0.26078282E+00  0.16664265E+01
  0.72808176E+00  0.26488275E+00  0.16514129E+01
  0.72265949E+00  0.26890432E+00  0.16365689E+01
  0.71726968E+00  0.27284817E+00  0.16218929E+01
  0.71191234E+00  0.27671493E+00  0.16073835E+01
  0.70658749E+00  0.28050525E+00  0.15930391E+01
  0.70129516E+00  0.28421975E+00  0.15788583E+01
  0.69603539E+00  0.28785906E+00  0.15648396E+01
  0.69080821E+00  0.29142383E+00  0.15509817E+01
  0.68561368E+00  0.29491467E+00  0.15372832E+01
  0.68045185E+00  0.29833220E+00  0.15237427E+01
  0.67532282E+00  0.30167703E+00  0.15103590E+01
  0.67022668E+00  0.30494976E+00  0.14971309E+01
  0.66516355E+00  0.30815100E+00  0.14840571E+01
  0.66013357E+00  0.31128133E+00  0.14711365E+01
  0.65513695E+00  0.31434136E+00  0.14583682E+01
  0.65017385E+00  0.31733164E+00  0.14457511E+01
  0.64524451E+00  0.32025274E+00  0.14332843E+01
  0.64034922E+00  0.32310519E+00  0.14209671E+01
  0.63548828E+00  0.32588953E+00  0.14087989E+01
  0.63066209E+00  0.32860626E+00  0.13967791E+01
  0.62587110E+00  0.33125588E+00  0.13849075E+01
  0.62111587E+00  0.33383883E+00  0.13731838E+01
  0.61639706E+00  0.33635555E+00  0.13616082E+01
  0.61171547E+00  0.33880640E+00  0.13501811E+01
  0.60707210E+00  0.34119169E+00  0.13389036E+01
  0.60246821E+00  0.34351165E+00  0.13277770E+01
  0.59790538E+00  0.34576638E+00  0.13168037E+01
  0.59338573E+00  0.34795581E+00  0.13059870E+01
  0.58891209E+00  0.35007959E+00  0.12953320E+01
  0.58448843E+00  0.35213696E+00  0.12848463E+01
  0.58012052E+00  0.35412652E+00  0.12745419E+01
  0.57581712E+00  0.35604575E+00  0.12644369E+01
  0.57159187E+00  0.35789036E+00  0.12545612E+01
  0.56746659E+00  0.35965309E+00  0.12449626E+01
  0.56347620E+00  0.36132203E+00  0.12357185E+01
  0.55967539E+00  0.36287847E+00  0.12269508E+01
  0.55614558E+00  0.36429477E+00  0.12188405E+01
  0.55299790E+00  0.36553394E+00  0.12116343E+01
  0.55036435E+00  0.36655341E+00  0.12056240E+01
  0.54836919E+00  0.36731521E+00  0.12010821E+01
  0.54708036E+00  0.36780244E+00  0.11981534E+01
  0.54647119E+00  0.36803137E+00  0.11967706E+01
  0.54630953E+00  0.36809195E+00  0.11964039E+01
  0.54627825E+00  0.36810364E+00  0.11963330E+01
  0.54627512E+00  0.36810479E+00  0.11963259E+01
  0.54629863E+00  0.36809595E+00  0.11963794E+01
  0.54637579E+00  0.36806700E+00  0.11965545E+01
  0.54646138E+00  0.36803488E+00  0.11967488E+01
  0.54653034E+00  0.36800898E+00  0.11969053E+01
  0.54657883E+00  0.36799073E+00  0.11970155E+01
  0.54661211E+00  0.36797818E+00  0.11970911E+01
  0.54663585E+00  0.36796920E+00  0.11971452E+01
  0.54665287E+00  0.36796274E+00  0.11971839E+01
  0.54666382E+00  0.36795855E+00  0.11972090E+01
  0.54666884E+00  0.36795660E+00  0.11972205E+01
  0.54667000E+00  0.36795611E+00  0.11972232E+01
  0.54667013E+00  0.36795603E+00  0.11972236E+01
  0.54666986E+00  0.36795613E+00  0.11972230E+01
  0.54666792E+00  0.36795686E+00  0.11972186E+01
  0.54666522E+00  0.36795788E+00  0.11972125E+01
  0.54666306E+00  0.36795869E+00  0.11972076E+01
  0.54666217E+00  0.36795901E+00  0.11972056E+01
  0.54666203E+00  0.36795903E+00  0.11972054E+01
  0.54666248E+00  0.36795881E+00  0.11972065E+01
  0.54666462E+00  0.36795795E+00  0.11972114E+01
  0.54666678E+00  0.36795708E+00  0.11972164E+01
  0.54666739E+00  0.36795679E+00  0.11972179E+01
  0.54666712E+00  0.36795683E+00  0.11972175E+01
  0.54665856E+00  0.36795998E+00  0.11971982E+01
  0.54663563E+00  0.36796852E+00  0.11971463E+01
  0.54661215E+00  0.36797727E+00  0.11970932E+01
  0.54660126E+00  0.36798129E+00  0.11970687E+01
  0.54659985E+00  0.36798174E+00  0.11970657E+01
  0.54660940E+00  0.36797807E+00  0.11970875E+01
  0.54664412E+00  0.36796494E+00  0.11971666E+01
  0.54668056E+00  0.36795116E+00  0.11972495E+01
  0.54669993E+00  0.36794378E+00  0.11972936E+01
  0.54670378E+00  0.36794223E+00  0.11973026E+01
  0.54670366E+00  0.36794216E+00  0.11973026E+01
  0.54669703E+00  0.36794454E+00  0.11972878E+01
  0.54668595E+00  0.36794858E+00  0.11972629E+01
  0.54667704E+00  0.36795180E+00  0.11972430E+01
  0.54667152E+00  0.36795374E+00  0.11972307E+01
  0.54666749E+00  0.36795511E+00  0.11972218E+01
  0.54666292E+00  0.36795667E+00  0.11972118E+01
  0.54665749E+00  0.36795854E+00  0.11971998E+01
  0.54665251E+00  0.36796024E+00  0.11971889E+01
  0.54664981E+00  0.36796108E+00  0.11971831E+01
  0.54664918E+00  0.36796113E+00  0.11971821E+01
  0.54664932E+00  0.36796089E+00  0.11971828E+01
  0.54665259E+00  0.36795946E+00  0.11971906E+01
  0.54665755E+00  0.36795737E+00  0.11972023E+01
  0.54666158E+00  0.36795559E+00  0.11972120E+01
  0.54666352E+00  0.36795452E+00  0.11972171E+01
  0.54666371E+00  0.36795404E+00  0.11972183E+01
  0.54666333E+00  0.36795370E+00  0.11972185E+01
  0.54666279E+00  0.36795340E+00  0.11972182E+01
  0.54666061E+00  0.36795374E+00  0.11972143E+01
  0.54665543E+00  0.36795527E+00  0.11972033E+01
  0.54664991E+00  0.36795703E+00  0.11971914E+01
  0.54664663E+00  0.36795805E+00  0.11971844E+01
  0.54664578E+00  0.36795822E+00  0.11971828E+01
  0.54664555E+00  0.36795816E+00  0.11971826E+01
  0.54664530E+00  0.36795805E+00  0.11971824E+01
  0.54664328E+00  0.36795850E+00  0.11971785E+01
  0.54662790E+00  0.36796384E+00  0.11971445E+01
  0.54660352E+00  0.36797242E+00  0.11970903E+01
  0.54658832E+00  0.36797743E+00  0.11970572E+01
  0.54658551E+00  0.36797769E+00  0.11970524E+01
  0.54659992E+00  0.36797137E+00  0.11970869E+01
  0.54665044E+00  0.36795140E+00  0.11972035E+01
  0.54669833E+00  0.36793228E+00  0.11973145E+01
  0.54671571E+00  0.36792449E+00  0.11973564E+01
  0.54671651E+00  0.36792279E+00  0.11973610E+01
  0.54670622E+00  0.36792510E+00  0.11973407E+01
  0.54667908E+00  0.36793357E+00  0.11972825E+01
  0.54665402E+00  0.36794106E+00  0.11972294E+01
  0.54663876E+00  0.36794461E+00  0.11971990E+01
  0.54663123E+00  0.36794496E+00  0.11971868E+01
  0.54662679E+00  0.36794383E+00  0.11971822E+01
  0.54662275E+00  0.36794221E+00  0.11971792E+01
  0.54661873E+00  0.36794017E+00  0.11971770E+01
  0.54661469E+00  0.36793757E+00  0.11971759E+01
  0.54661064E+00  0.36793408E+00  0.11971764E+01
  0.54660893E+00  0.36792855E+00  0.11971846E+01
  0.54660757E+00  0.36792170E+00  0.11971958E+01
  0.54660423E+00  0.36791488E+00  0.11972040E+01
  0.54659777E+00  0.36790894E+00  0.11972056E+01
  0.54658884E+00  0.36790278E+00  0.11972040E+01
  0.54657381E+00  0.36789419E+00  0.11971977E+01
  0.54654624E+00  0.36787972E+00  0.11971837E+01
  0.54650437E+00  0.36785554E+00  0.11971665E+01
  0.54645152E+00  0.36782286E+00  0.11971490E+01
  0.54639860E+00  0.36778929E+00  0.11971331E+01
  0.54635724E+00  0.36776287E+00  0.11971210E+01
  0.54631906E+00  0.36773764E+00  0.11971115E+01
  0.54622643E+00  0.36767523E+00  0.11970907E+01
  0.54588855E+00  0.36744490E+00  0.11970199E+01
  0.54440543E+00  0.36644055E+00  0.11966958E+01
  0.53905405E+00  0.36283336E+00  0.11954938E+01
  0.52830867E+00  0.35559930E+00  0.11930625E+01
  0.51264994E+00  0.34506051E+00  0.11895134E+01
  0.49415405E+00  0.33262743E+00  0.11852892E+01
  0.47626139E+00  0.32061127E+00  0.11811760E+01
  0.46291931E+00  0.31164510E+00  0.11781199E+01
  0.45753049E+00  0.30801887E+00  0.11768962E+01
  0.45696347E+00  0.30761635E+00  0.11768140E+01
  0.45696199E+00  0.30756749E+00  0.11769190E+01
  0.45700035E+00  0.30755928E+00  0.11770024E+01
  0.45707916E+00  0.30760533E+00  0.11770356E+01
  0.45721661E+00  0.30769945E+00  0.11770632E+01
  0.45731691E+00  0.30778567E+00  0.11770450E+01
  0.45732749E+00  0.30781782E+00  0.11769928E+01
  0.45731314E+00  0.30782556E+00  0.11769517E+01
  0.45730245E+00  0.30782466E+00  0.11769359E+01
  0.45728822E+00  0.30781613E+00  0.11769306E+01
  0.45728115E+00  0.30781120E+00  0.11769297E+01
  0.45728539E+00  0.30780968E+00  0.11769403E+01
  0.45730001E+00  0.30781179E+00  0.11769606E+01
  0.45732953E+00  0.30782508E+00  0.11769817E+01
  0.45735891E+00  0.30784235E+00  0.11769937E+01
  0.45737247E+00  0.30785123E+00  0.11769972E+01
  0.45737202E+00  0.30785236E+00  0.11769938E+01
  0.45736801E+00  0.30785214E+00  0.11769875E+01
  0.45735904E+00  0.30784717E+00  0.11769832E+01
  0.45734801E+00  0.30784012E+00  0.11769805E+01
  0.45733869E+00  0.30783480E+00  0.11769772E+01
  0.45732825E+00  0.30783278E+00  0.11769650E+01
  0.45731369E+00  0.30783024E+00  0.11769472E+01
  0.45729550E+00  0.30782165E+00  0.11769365E+01
  0.45727506E+00  0.30780847E+00  0.11769319E+01
  0.45726343E+00  0.30779836E+00  0.11769352E+01
  0.45726848E+00  0.30779485E+00  0.11769519E+01
  0.45727999E+00  0.30779501E+00  0.11769711E+01
  0.45731099E+00  0.30781053E+00  0.11769895E+01
  0.45735488E+00  0.30783854E+00  0.11770012E+01
  0.45738593E+00  0.30785967E+00  0.11770054E+01
  0.45738806E+00  0.30786407E+00  0.11769968E+01
  0.45738381E+00  0.30786321E+00  0.11769888E+01
  0.45737069E+00  0.30785478E+00  0.11769829E+01
  0.45734836E+00  0.30784133E+00  0.11769734E+01
  0.45730768E+00  0.30784160E+00  0.11769034E+01
  0.45724028E+00  0.30786763E+00  0.11767320E+01
  0.45720021E+00  0.30788645E+00  0.11766242E+01
  0.45720092E+00  0.30788648E+00  0.11766273E+01
  0.45727705E+00  0.30784989E+00  0.11768387E+01
  0.45737487E+00  0.30779929E+00  0.11771172E+01
  0.45740002E+00  0.30777994E+00  0.11772031E+01
  0.45739744E+00  0.30777721E+00  0.11772051E+01
  0.45737772E+00  0.30778717E+00  0.11771501E+01
  0.45735513E+00  0.30780508E+00  0.11770729E+01
  0.45734867E+00  0.30782758E+00  0.11770132E+01
  0.45735285E+00  0.30784367E+00  0.11769858E+01
  0.45735495E+00  0.30784688E+00  0.11769831E+01
  0.45735576E+00  0.30784566E+00  0.11769877E+01
  0.45735109E+00  0.30784139E+00  0.11769896E+01
  0.45734237E+00  0.30783549E+00  0.11769879E+01
  0.45733578E+00  0.30783009E+00  0.11769887E+01
  0.45733388E+00  0.30782648E+00  0.11769935E+01
  0.45733499E+00  0.30782538E+00  0.11769980E+01
  0.45733599E+00  0.30782493E+00  0.11770009E+01
  0.45733277E+00  0.30782629E+00  0.11769929E+01
  0.45731514E+00  0.30783145E+00  0.11769522E+01
  0.45728816E+00  0.30781931E+00  0.11769338E+01
  0.45724401E+00  0.30777622E+00  0.11769544E+01
  0.45721477E+00  0.30775035E+00  0.11769628E+01
  0.45720385E+00  0.30776226E+00  0.11769197E+01
  0.45726043E+00  0.30780816E+00  0.11769172E+01
  0.45739136E+00  0.30787334E+00  0.11769990E+01
  0.45744400E+00  0.30790157E+00  0.11770284E+01
  0.45742740E+00  0.30790666E+00  0.11769904E+01
  0.45740572E+00  0.30788662E+00  0.11769982E+01
  0.45738549E+00  0.30785143E+00  0.11770411E+01
  0.45734574E+00  0.30784163E+00  0.11769948E+01
  0.45732245E+00  0.30783899E+00  0.11769597E+01
  0.45736473E+00  0.30781595E+00  0.11770793E+01
  0.45735699E+00  0.30781596E+00  0.11770633E+01
  0.45725542E+00  0.30786513E+00  0.11767807E+01
  0.45730699E+00  0.30786840E+00  0.11768608E+01
  0.45740361E+00  0.30777354E+00  0.11772334E+01
  0.45741738E+00  0.30786208E+00  0.11771043E+01
  0.45747227E+00  0.30855629E+00  0.11780027E+01
  0.45422209E+00  0.30221087E+00  0.11649631E+01
  0.35540599E+00  0.14583314E+00  0.79640629E+00
  0.25367931E+00  0.41480259E-02  0.45892258E+00
  0.25002434E+00  0.24418342E-04  0.44881118E+00
  0.25000014E+00  0.13674386E-06  0.44875033E+00
  0.25000000E+00  0.78641462E-09  0.44874999E+00
  0.25000000E+00  0.43724513E-11  0.44874999E+00
  0.25000000E+00  0.23936963E-13  0.44874999E+00
  0.25000000E+00  0.13280251E-15  0.44874999E+00
  0.25000000E+00  0.34454448E-18  0.44874999E+00
  0.25000000E+00  0.28106319E-21  0.44874999E+00
  0.25000000E+00  0.34694880E-24  0.44874999E+00
  0.25000000E+00  0.54455817E-28  0.44874999E+00
  0.25000000E+00  0.14650375E-30  0.44874999E+00
  0.25000000E+00  0.37256931E-34  0.44874999E+00
  0.25000000E+00  0.86356083E-38  0.44874999E+00
  0.25000000E+00  0.84851819E-42  0.44874999E+00
  0.25000000E+00  0.73915406E-45  0.44874999E+00
  0.25000000E+00  0.81080482E-48  0.44874999E+00
  0.25000000E+00  0.19363214E-51  0.44874999E+00
  0.25000000E+00  0.45599704E-55  0.44874999E+00
  0.25000000E+00  0.33255619E-58  0.44874999E+00
  0.25000000E+00  0.30931612E-61  0.44874999E+00
  0.25000000E+00  0.35850963E-65  0.44874999E+00
  0.25000000E+00  0.34119228E-68  0.44874999E+00
  0.25000000E+00  0.30283815E-71  0.44874999E+00
  0.25000000E+00  0.42426709E-75  0.44874999E+00
  0.25000000E+00  0.32628493E-78  0.44874999E+00
  0.25000000E+00  0.29028927E-81  0.44874999E+00
  0.25000000E+00  0.65176746E-85  0.44874999E+00
  0.25000000E+00  0.10097531E-88  0.44874999E+00
  0.25000000E+00  0.99690677E-92  0.44874999E+00
  0.25000000E+00  0.12243581E-94  0.44874999E+00
  0.25000000E+00  0.28683261E-98  0.44874999E+00
  0.25000000E+00  0.00000000E+00  0.44874999E+00
  0.25000000E+00  0.00000000E+00  0.44874999E+00
  0.25000000E+00  0.00000000E+00  0.44874999E+00
  0.25000000E+00  0.00000000E+00  0.44874999E+00
  0.25000000E+00  0.00000000E+00  0.44874999E+00
  0.25000000E+00  0.00000000E+00  0.44874999E+00
  0.25000000E+00  0.00000000E+00  0.44874999E+00
  0.25000000E+00  0.00000000E+00  0.44874999E+00
  0.25000000E+00  0.00000000E+00  0.44874999E+00
  0.25000000E+00  0.00000000E+00  0.44874999E+00
  0.25000000E+00  0.00000000E+00  0.44874999E+00
  0.25000000E+00  0.00000000E+00  0.44874999E+00
  0.25000000E+00  0.00000000E+00  0.44874999E+00
  0.25000000E+00  0.00000000E+00  0.44874999E+00
  0.25000000E+00  0.00000000E+00  0.44874999E+00
  0.25000000E+00  0.00000000E+00  0.44874999E+00
  0.25000000E+00  0.00000000E+00  0.44874999E+00
  0.25000000E+00  0.00000000E+00  0.44874999E+00
  0.25000000E+00  0.00000000E+00  0.44874999E+00
  0.25000000E+00  0.00000000E+00  0.44874999E+00
  0.25000000E+00  0.00000000E+00  0.44874999E+00
  0.25000000E+00  0.00000000E+00  0.44874999E+00
  0.25000000E+00  0.00000000E+00  0.44874999E+00
  0.25000000E+00  0.00000000E+00  0.44874999E+00
  0.25000000E+00  0.00000000E+00  0.44874999E+00
  0.25000000E+00  0.00000000E+00  0.44874999E+00
  0.25000000E+00  0.00000000E+00  0.44874999E+00
  0.25000000E+00  0.00000000E+00  0.44874999E+00
  0.25000000E+00  0.00000000E+00  0.44874999E+00
  0.25000000E+00  0.00000000E+00  0.44874999E+00
  0.25000000E+00  0.00000000E+00  0.44874999E+00
  0.25000000E+00  0.00000000E+00  0.44874999E+00
  0.25000000E+00  0.00000000E+00  0.44874999E+00
  0.25000000E+00  0.00000000E+00  0.44874999E+00
  0.25000000E+00  0.00000000E+00  0.44874999E+00
  0.25000000E+00  0.00000000E+00  0.44874999E+00
  0.25000000E+00  0.00000000E+00  0.44874999E+00
  0.25000000E+00  0.00000000E+00  0.44874999E+00
  0.25000000E+00  0.00000000E+00  0.44874999E+00
  0.25000000E+00  0.00000000E+00  0.44874999E+00
  0.25000000E+00  0.00000000E+00  0.44874999E+00
  0.25000000E+00  0.00000000E+00  0.44874999E+00
  0.25000000E+00  0.00000000E+00  0.44874999E+00
  0.25000000E+00  0.00000000E+00  0.44874999E+00
  0.25000000E+00  0.00000000E+00  0.44874999E+00
  0.25000000E+00  0.00000000E+00  0.44874999E+00
  0.25000000E+00  0.00000000E+00  0.44874999E+00
  0.25000000E+00  0.00000000E+00  0.44874999E+00
  0.25000000E+00  0.00000000E+00  0.44874999E+00
  0.25000000E+00  0.00000000E+00  0.44874999E+00
  0.25000000E+00  0.00000000E+00  0.44874999E+00
  0.25000000E+00  0.00000000E+00  0.44874999E+00
  0.25000000E+00  0.00000000E+00  0.44874999E+00
  0.25000000E+00  0.00000000E+00  0.44874999E+00
  0.25000000E+00  0.00000000E+00  0.44874999E+00
  0.25000000E+00  0.00000000E+00  0.44874999E+00
  0.25000000E+00  0.00000000E+00  0.44874999E+00
  0.25000000E+00  0.00000000E+00  0.44874999E+00
  0.25000000E+00  0.00000000E+00  0.44874999E+00
  0.25000000E+00  0.00000000E+00  0.44874999E+00
  0.25000000E+00  0.00000000E+00  0.44874999E+00
  0.25000000E+00  0.00000000E+00  0.44874999E+00
  0.25000000E+00  0.00000000E+00  0.44874999E+00
  0.25000000E+00  0.00000000E+00  0.44874999E+00
  0.25000000E+00  0.00000000E+00  0.44874999E+00
  0.25000000E+00  0.00000000E+00  0.44874999E+00
  0.25000000E+00  0.00000000E+00  0.44874999E+00
  0.25000000E+00  0.00000000E+00  0.44874999E+00
  0.25000000E+00  0.00000000E+00  0.44874999E+00
  0.25000000E+00  0.00000000E+00  0.44874999E+00
  0.25000000E+00  0.00000000E+00  0.44874999E+00
  0.25000000E+00  0.00000000E+00  0.44874999E+00
  0.25000000E+00  0.00000000E+00  0.44874999E+00
  0.25000000E+00  0.00000000E+00  0.44874999E+00
  0.25000000E+00  0.00000000E+00  0.44874999E+00
  0.25000000E+00  0.00000000E+00  0.44874999E+00
  0.25000000E+00  0.00000000E+00  0.44874999E+00
  0.25000000E+00  0.00000000E+00  0.44874999E+00
  0.25000000E+00  0.00000000E+00  0.44874999E+00
  0.25000000E+00  0.00000000E+00  0.44874999E+00
  0.25000000E+00  0.00000000E+00  0.44874999E+00
  0.25000000E+00  0.00000000E+00  0.44874999E+00
  0.25000000E+00  0.00000000E+00  0.44874999E+00
  0.25000000E+00  0.00000000E+00  0.44874999E+00
  0.25000000E+00  0.00000000E+00  0.44874999E+00
  0.25000000E+00  0.00000000E+00  0.44874999E+00
  0.25000000E+00  0.00000000E+00  0.44874999E+00
  0.25000000E+00  0.00000000E+00  0.44874999E+00
  0.25000000E+00  0.00000000E+00  0.44874999E+00
  0.25000000E+00  0.00000000E+00  0.44874999E+00
  0.25000000E+00  0.00000000E+00  0.44874999E+00
  0.25000000E+00  0.00000000E+00  0.44874999E+00
  0.25000000E+00  0.00000000E+00  0.44874999E+00
  0.25000000E+00  0.00000000E+00  0.44874999E+00
  0.25000000E+00  0.00000000E+00  0.44874999E+00
  0.25000000E+00  0.00000000E+00  0.44874999E+00
  0.25000000E+00  0.00000000E+00  0.44874999E+00
  0.25000000E+00  0.00000000E+00  0.44874999E+00
  0.25000000E+00  0.00000000E+00  0.44874999E+00
  0.25000000E+00  0.00000000E+00  0.44874999E+00
  0.25000000E+00  0.00000000E+00  0.44874999E+00
  0.25000000E+00  0.00000000E+00  0.44874999E+00
  0.25000000E+00  0.00000000E+00  0.44874999E+00
  0.25000000E+00  0.00000000E+00  0.44874999E+00
  0.25000000E+00  0.00000000E+00  0.44874999E+00
  0.25000000E+00  0.00000000E+00  0.44874999E+00
  0.25000000E+00  0.00000000E+00  0.44874999E+00
  0.25000000E+00  0.00000000E+00  0.44874999E+00
  0.25000000E+00  0.00000000E+00  0.44874999E+00
  0.25000000E+00  0.00000000E+00  0.44874999E+00
  0.25000000E+00  0.00000000E+00  0.44874999E+00
  0.25000000E+00  0.00000000E+00  0.44874999E+00
  0.25000000E+00  0.00000000E+00  0.44874999E+00
  0.25000000E+00  0.00000000E+00  0.44874999E+00
  0.25000000E+00  0.00000000E+00  0.44874999E+00
  0.25000000E+00  0.00000000E+00  0.44874999E+00
  0.25000000E+00  0.00000000E+00  0.44874999E+00
  0.25000000E+00  0.00000000E+00  0.44874999E+00
  0.25000000E+00  0.00000000E+00  0.44874999E+00
  0.25000000E+00  0.00000000E+00  0.44874999E+00
  0.25000000E+00  0.00000000E+00  0.44874999E+00
  0.25000000E+00  0.00000000E+00  0.44874999E+00
  0.25000000E+00  0.00000000E+00  0.44874999E+00
  0.25000000E+00  0.00000000E+00  0.44874999E+00
  0.25000000E+00  0.00000000E+00  0.44874999E+00
  0.25000000E+00  0.00000000E+00  0.44874999E+00
  0.25000000E+00  0.00000000E+00  0.44874999E+00
  0.25000000E+00  0.00000000E+00  0.44874999E+00
  0.25000000E+00  0.00000000E+00  0.44874999E+00
  0.25000000E+00  0.00000000E+00  0.44874999E+00
  0.25000000E+00  0.00000000E+00  0.44874999E+00
  0.25000000E+00  0.00000000E+00  0.44874999E+00
  0.25000000E+00  0.00000000E+00  0.44874999E+00
  0.25000000E+00  0.00000000E+00  0.44874999E+00
  0.25000000E+00  0.00000000E+00  0.44874999E+00
  0.25000000E+00  0.00000000E+00  0.44874999E+00
  0.25000000E+00  0.00000000E+00  0.44874999E+00
  0.25000000E+00  0.00000000E+00  0.44874999E+00
  0.25000000E+00  0.00000000E+00  0.44874999E+00
  0.25000000E+00  0.00000000E+00  0.44874999E+00
  0.25000000E+00  0.00000000E+00  0.44874999E+00
  0.25000000E+00  0.00000000E+00  0.44874999E+00
  0.25000000E+00  0.00000000E+00  0.44874999E+00
  0.25000000E+00  0.00000000E+00  0.44874999E+00
  0.25000000E+00  0.00000000E+00  0.44874999E+00
  0.25000000E+00  0.00000000E+00  0.44874999E+00
  0.25000000E+00  0.00000000E+00  0.44874999E+00
  0.25000000E+00  0.00000000E+00  0.44874999E+00
  0.25000000E+00  0.00000000E+00  0.44874999E+00
  0.25000000E+00  0.00000000E+00  0.44874999E+00
  0.25000000E+00  0.00000000E+00  0.44874999E+00
  0.25000000E+00  0.00000000E+00  0.44874999E+00
  0.25000000E+00  0.00000000E+00  0.44874999E+00
  0.25000000E+00  0.00000000E+00  0.44874999E+00
  0.25000000E+00  0.00000000E+00  0.44874999E+00
  0.25000000E+00  0.00000000E+00  0.44874999E+00
  0.25000000E+00  0.00000000E+00  0.44874999E+00
  0.25000000E+00  0.00000000E+00  0.44874999E+00
  0.25000000E+00  0.00000000E+00  0.44874999E+00
  0.25000000E+00  0.00000000E+00  0.44874999E+00
  0.25000000E+00  0.00000000E+00  0.44874999E+00
  0.25000000E+00  0.00000000E+00  0.44874999E+00
  0.25000000E+00  0.00000000E+00  0.44874999E+00
  0.25000000E+00  0.00000000E+00  0.44874999E+00
  0.25000000E+00  0.00000000E+00  0.44874999E+00
  0.25000000E+00  0.00000000E+00  0.44874999E+00
  0.25000000E+00  0.00000000E+00  0.44874999E+00
  0.25000000E+00  0.00000000E+00  0.44874999E+00
  0.25000000E+00  0.00000000E+00  0.44874999E+00
  0.25000000E+00  0.00000000E+00  0.44874999E+00
  0.25000000E+00  0.00000000E+00  0.44874999E+00
  0.25000000E+00  0.00000000E+00  0.44874999E+00
  0.25000000E+00  0.00000000E+00  0.44874999E+00
  0.25000000E+00  0.00000000E+00  0.44874999E+00
  0.25000000E+00  0.00000000E+00  0.44874999E+00
  0.25000000E+00  0.00000000E+00  0.44874999E+00
  0.25000000E+00  0.00000000E+00  0.44874999E+00
  0.25000000E+00  0.00000000E+00  0.44874999E+00
  0.25000000E+00  0.00000000E+00  0.44874999E+00
  0.25000000E+00  0.00000000E+00  0.44874999E+00
  0.25000000E+00  0.00000000E+00  0.44874999E+00
  0.25000000E+00  0.00000000E+00  0.44874999E+00
  0.25000000E+00  0.00000000E+00  0.44874999E+00
  0.25000000E+00  0.00000000E+00  0.44874999E+00
  0.25000000E+00  0.00000000E+00  0.44874999E+00
  0.25000000E+00  0.00000000E+00  0.44874999E+00
  0.25000000E+00  0.00000000E+00  0.44874999E+00
  0.25000000E+00  0.00000000E+00  0.44874999E+00
  0.25000000E+00  0.00000000E+00  0.44874999E+00
  0.25000000E+00  0.00000000E+00  0.44874999E+00
  0.25000000E+00  0.00000000E+00  0.44874999E+00
  0.25000000E+00  0.00000000E+00  0.44874999E+00
  0.25000000E+00  0.00000000E+00  0.44874999E+00
  0.25000000E+00  0.00000000E+00  0.44874999E+00
  0.25000000E+00  0.00000000E+00  0.44874999E+00
  0.25000000E+00  0.00000000E+00  0.44874999E+00
  0.25000000E+00  0.00000000E+00  0.44874999E+00
  0.25000000E+00  0.00000000E+00  0.44874999E+00
  0.25000000E+00  0.00000000E+00  0.44874999E+00
  0.25000000E+00  0.00000000E+00  0.44874999E+00
  0.25000000E+00  0.00000000E+00  0.44874999E+00
  0.25000000E+00  0.00000000E+00  0.44874999E+00
  0.25000000E+00  0.00000000E+00  0.44874999E+00
  0.25000000E+00  0.00000000E+00  0.44874999E+00
  0.25000000E+00  0.00000000E+00  0.44874999E+00
  0.25000000E+00  0.00000000E+00  0.44874999E+00
  0.25000000E+00  0.00000000E+00  0.44874999E+00
  0.25000000E+00  0.00000000E+00  0.44874999E+00
  0.25000000E+00  0.00000000E+00  0.44874999E+00
  0.25000000E+00  0.00000000E+00  0.44874999E+00
  0.25000000E+00  0.00000000E+00  0.44874999E+00
  0.25000000E+00  0.00000000E+00  0.44874999E+00
  0.25000000E+00  0.00000000E+00  0.44874999E+00
  0.25000000E+00  0.00000000E+00  0.44874999E+00
  0.25000000E+00  0.00000000E+00  0.44874999E+00
  0.25000000E+00  0.00000000E+00  0.44874999E+00
  0.25000000E+00  0.00000000E+00  0.44874999E+00
  0.25000000E+00  0.00000000E+00  0.44874999E+00
  0.25000000E+00  0.00000000E+00  0.44874999E+00
  0.25000000E+00  0.00000000E+00  0.44874999E+00
  0.25000000E+00  0.00000000E+00  0.44874999E+00
  0.25000000E+00  0.00000000E+00  0.44874999E+00
  0.25000000E+00  0.00000000E+00  0.44874999E+00
  0.25000000E+00  0.00000000E+00  0.44874999E+00
  0.25000000E+00  0.00000000E+00  0.44874999E+00
  0.25000000E+00  0.00000000E+00  0.44874999E+00
  0.25000000E+00  0.00000000E+00  0.44874999E+00
  0.25000000E+00  0.00000000E+00  0.44874999E+00
  0.25000000E+00  0.00000000E+00  0.44874999E+00
  0.25000000E+00  0.00000000E+00  0.44874999E+00
  0.25000000E+00  0.00000000E+00  0.44874999E+00
  0.25000000E+00  0.00000000E+00  0.44874999E+00
  0.25000000E+00  0.00000000E+00  0.44874999E+00
  0.25000000E+00  0.00000000E+00  0.44874999E+00
  0.25000000E+00  0.00000000E+00  0.44874999E+00
  0.25000000E+00  0.00000000E+00  0.44874999E+00
  0.25000000E+00  0.00000000E+00  0.44874999E+00
  0.25000000E+00  0.00000000E+00  0.44874999E+00
  0.25000000E+00  0.00000000E+00  0.44874999E+00
  0.25000000E+00  0.00000000E+00  0.44874999E+00
  0.25000000E+00  0.00000000E+00  0.44874999E+00
  0.25000000E+00  0.00000000E+00  0.44874999E+00
  0.25000000E+00  0.00000000E+00  0.44874999E+00
  0.25000000E+00  0.00000000E+00  0.44874999E+00
  0.25000000E+00  0.00000000E+00  0.44874999E+00
  0.25000000E+00  0.00000000E+00  0.44874999E+00
  0.25000000E+00  0.00000000E+00  0.44874999E+00
  0.25000000E+00  0.00000000E+00  0.44874999E+00
  0.25000000E+00  0.00000000E+00  0.44874999E+00
  0.25000000E+00  0.00000000E+00  0.44874999E+00
  0.25000000E+00  0.00000000E+00  0.44874999E+00
  0.25000000E+00  0.00000000E+00  0.44874999E+00
  0.25000000E+00  0.00000000E+00  0.44874999E+00
  0.25000000E+00  0.00000000E+00  0.44874999E+00
  0.25000000E+00  0.00000000E+00  0.44874999E+00
  0.25000000E+00  0.00000000E+00  0.44874999E+00
  0.25000000E+00  0.00000000E+00  0.44874999E+00
  0.25000000E+00  0.00000000E+00  0.44874999E+00
  0.25000000E+00  0.00000000E+00  0.44874999E+00
  0.25000000E+00  0.00000000E+00  0.44874999E+00
  0.25000000E+00  0.00000000E+00  0.44874999E+00
  0.25000000E+00  0.00000000E+00  0.44874999E+00
  0.25000000E+00  0.00000000E+00  0.44874999E+00
  0.25000000E+00  0.00000000E+00  0.44874999E+00
  0.25000000E+00  0.00000000E+00  0.44874999E+00
  0.25000000E+00  0.00000000E+00  0.44874999E+00
  0.25000000E+00  0.00000000E+00  0.44874999E+00
  0.25000000E+00  0.00000000E+00  0.44874999E+00
  0.25000000E+00  0.00000000E+00  0.44874999E+00
  0.25000000E+00  0.00000000E+00  0.44874999E+00
  0.25000000E+00  0.00000000E+00  0.44874999E+00
  0.25000000E+00  0.00000000E+00  0.44874999E+00
  0.25000000E+00  0.00000000E+00  0.44874999E+00
  0.25000000E+00  0.00000000E+00  0.44874999E+00
  0.25000000E+00  0.00000000E+00  0.44874999E+00
  0.25000000E+00  0.00000000E+00  0.44874999E+00
  0.25000000E+00  0.00000000E+00  0.44874999E+00
  0.25000000E+00  0.00000000E+00  0.44874999E+00
  0.25000000E+00  0.00000000E+00  0.44874999E+00
  0.25000000E+00  0.00000000E+00  0.44874999E+00
  0.25000000E+00  0.00000000E+00  0.44874999E+00
  0.25000000E+00  0.00000000E+00  0.44874999E+00
  0.25000000E+00  0.00000000E+00  0.44874999E+00
  0.25000000E+00  0.00000000E+00  0.44874999E+00
  0.25000000E+00  0.00000000E+00  0.44874999E+00
  0.25000000E+00  0.00000000E+00  0.44874999E+00
  0.25000000E+00  0.00000000E+00  0.44874999E+00
  0.25000000E+00  0.00000000E+00  0.44874999E+00
  0.25000000E+00  0.00000000E+00  0.44874999E+00
  0.25000000E+00  0.00000000E+00  0.44874999E+00
  0.25000000E+00  0.00000000E+00  0.44874999E+00
  0.25000000E+00  0.00000000E+00  0.44874999E+00
  0.25000000E+00  0.00000000E+00  0.44874999E+00
  0.25000000E+00  0.00000000E+00  0.44874999E+00
  0.25000000E+00  0.00000000E+00  0.44874999E+00
  0.25000000E+00  0.00000000E+00  0.44874999E+00
  0.25000000E+00  0.00000000E+00  0.44874999E+00
  0.25000000E+00  0.00000000E+00  0.44874999E+00
  0.25000000E+00  0.00000000E+00  0.44874999E+00
  0.25000000E+00  0.00000000E+00  0.44874999E+00
  0.25000000E+00  0.00000000E+00  0.44874999E+00
  0.25000000E+00  0.00000000E+00  0.44874999E+00
  0.25000000E+00  0.00000000E+00  0.44874999E+00
  0.25000000E+00  0.00000000E+00  0.44874999E+00
  0.25000000E+00  0.00000000E+00  0.44874999E+00
  0.25000000E+00  0.00000000E+00  0.44874999E+00
  0.25000000E+00  0.00000000E+00  0.44874999E+00
  0.25000000E+00  0.00000000E+00  0.44874999E+00
  0.25000000E+00  0.00000000E+00  0.44874999E+00
  0.25000000E+00  0.00000000E+00  0.44874999E+00
  0.25000000E+00  0.00000000E+00  0.44874999E+00
  0.25000000E+00  0.00000000E+00  0.44874999E+00
  0.25000000E+00  0.00000000E+00  0.44874999E+00
  0.25000000E+00  0.00000000E+00  0.44874999E+00
  0.25000000E+00  0.00000000E+00  0.44874999E+00
  0.25000000E+00  0.00000000E+00  0.44874999E+00
  0.25000000E+00  0.00000000E+00  0.44874999E+00
  0.25000000E+00  0.00000000E+00  0.44874999E+00
  0.25000000E+00  0.00000000E+00  0.44874999E+00
  0.25000000E+00  0.00000000E+00  0.44874999E+00
  0.25000000E+00  0.00000000E+00  0.44874999E+00
  0.25000000E+00  0.00000000E+00  0.44874999E+00
  0.25000000E+00  0.00000000E+00  0.44874999E+00
  0.25000000E+00  0.00000000E+00  0.44874999E+00
  0.25000000E+00  0.00000000E+00  0.44874999E+00
  0.25000000E+00  0.00000000E+00  0.44874999E+00
  0.25000000E+00  0.00000000E+00  0.44874999E+00
  0.25000000E+00  0.00000000E+00  0.44874999E+00
  0.25000000E+00  0.00000000E+00  0.44874999E+00
  0.25000000E+00  0.00000000E+00  0.44874999E+00
  0.25000000E+00  0.00000000E+00  0.44874999E+00
  0.25000000E+00  0.00000000E+00  0.44874999E+00
  0.25000000E+00  0.00000000E+00  0.44874999E+00
  0.25000000E+00  0.00000000E+00  0.44874999E+00
  0.25000000E+00  0.00000000E+00  0.44874999E+00
  0.25000000E+00  0.00000000E+00  0.44874999E+00
  0.25000000E+00  0.00000000E+00  0.44874999E+00
  0.25000000E+00  0.00000000E+00  0.44874999E+00
  0.25000000E+00  0.00000000E+00  0.44874999E+00
  0.25000000E+00  0.00000000E+00  0.44874999E+00
  0.25000000E+00  0.00000000E+00  0.44874999E+00
  0.25000000E+00  0.00000000E+00  0.44874999E+00
  0.25000000E+00  0.00000000E+00  0.44874999E+00
  0.25000000E+00  0.00000000E+00  0.44874999E+00
  0.25000000E+00  0.00000000E+00  0.44874999E+00
  0.25000000E+00  0.00000000E+00  0.44874999E+00
  0.25000000E+00  0.00000000E+00  0.44874999E+00
  0.25000000E+00  0.00000000E+00  0.44874999E+00
  0.25000000E+00  0.00000000E+00  0.44874999E+00
  0.25000000E+00  0.00000000E+00  0.44874999E+00
  0.25000000E+00  0.00000000E+00  0.44874999E+00
  0.25000000E+00  0.00000000E+00  0.44874999E+00
  0.25000000E+00  0.00000000E+00  0.44874999E+00
  0.25000000E+00  0.00000000E+00  0.44874999E+00
  0.25000000E+00  0.00000000E+00  0.44874999E+00
  0.25000000E+00  0.00000000E+00  0.44874999E+00
  0.25000000E+00  0.00000000E+00  0.44874999E+00
  0.25000000E+00  0.00000000E+00  0.44874999E+00
  0.25000000E+00  0.00000000E+00  0.44874999E+00
  0.25000000E+00  0.00000000E+00  0.44874999E+00
  0.25000000E+00  0.00000000E+00  0.44874999E+00
  0.25000000E+00  0.00000000E+00  0.44874999E+00
  0.25000000E+00  0.00000000E+00  0.44874999E+00
  0.25000000E+00  0.00000000E+00  0.44874999E+00
  0.25000000E+00  0.00000000E+00  0.44874999E+00
  0.25000000E+00  0.00000000E+00  0.44874999E+00
  0.25000000E+00  0.00000000E+00  0.44874999E+00
  0.25000000E+00  0.00000000E+00  0.44874999E+00
  0.25000000E+00  0.00000000E+00  0.44874999E+00
  0.25000000E+00  0.00000000E+00  0.44874999E+00
  0.25000000E+00  0.00000000E+00  0.44874999E+00
  0.25000000E+00  0.00000000E+00  0.44874999E+00
  0.25000000E+00  0.00000000E+00  0.44874999E+00
  0.25000000E+00  0.00000000E+00  0.44874999E+00
  0.25000000E+00  0.00000000E+00  0.44874999E+00
  0.25000000E+00  0.00000000E+00  0.44874999E+00
  0.25000000E+00  0.00000000E+00  0.44874999E+00
  0.25000000E+00  0.00000000E+00  0.44874999E+00
  0.25000000E+00  0.00000000E+00  0.44874999E+00
  0.25000000E+00  0.00000000E+00  0.44874999E+00
  0.25000000E+00  0.00000000E+00  0.44874999E+00
  0.25000000E+00  0.00000000E+00  0.44874999E+00
  0.25000000E+00  0.00000000E+00  0.44874999E+00
  0.25000000E+00  0.00000000E+00  0.44874999E+00
  0.25000000E+00  0.00000000E+00  0.44874999E+00
  0.25000000E+00  0.00000000E+00  0.44874999E+00
  0.25000000E+00  0.00000000E+00  0.44874999E+00
  0.25000000E+00  0.00000000E+00  0.44874999E+00
  0.25000000E+00  0.00000000E+00  0.44874999E+00
  0.25000000E+00  0.00000000E+00  0.44874999E+00
  0.25000000E+00  0.00000000E+00  0.44874999E+00
  0.25000000E+00  0.00000000E+00  0.44874999E+00
  0.25000000E+00  0.00000000E+00  0.44874999E+00
  0.25000000E+00  0.00000000E+00  0.44874999E+00
  0.25000000E+00  0.00000000E+00  0.44874999E+00
  0.25000000E+00  0.00000000E+00  0.44874999E+00
  0.25000000E+00  0.00000000E+00  0.44874999E+00
  0.25000000E+00  0.00000000E+00  0.44874999E+00
  0.25000000E+00  0.00000000E+00  0.44874999E+00
  0.25000000E+00  0.00000000E+00  0.44874999E+00
  0.25000000E+00  0.00000000E+00  0.44874999E+00
  0.25000000E+00  0.00000000E+00  0.44874999E+00
  0.25000000E+00  0.00000000E+00  0.44874999E+00
  0.25000000E+00  0.00000000E+00  0.44874999E+00
  0.25000000E+00  0.00000000E+00  0.44874999E+00
  0.25000000E+00  0.00000000E+00  0.44874999E+00
  0.25000000E+00  0.00000000E+00  0.44874999E+00
  0.25000000E+00  0.00000000E+00  0.44874999E+00
  0.25000000E+00  0.00000000E+00  0.44874999E+00
  0.25000000E+00  0.00000000E+00  0.44874999E+00
  0.25000000E+00  0.00000000E+00  0.44874999E+00
  0.25000000E+00  0.00000000E+00  0.44874999E+00
  0.25000000E+00  0.00000000E+00  0.44874999E+00
  0.25000000E+00  0.00000000E+00  0.44874999E+00
  0.25000000E+00  0.00000000E+00  0.44874999E+00
  0.25000000E+00  0.00000000E+00  0.44874999E+00
  0.25000000E+00  0.00000000E+00  0.44874999E+00
  0.25000000E+00  0.00000000E+00  0.44874999E+00
  0.25000000E+00  0.00000000E+00  0.44874999E+00
  0.25000000E+00  0.00000000E+00  0.44874999E+00
  0.25000000E+00  0.00000000E+00  0.44874999E+00
  0.25000000E+00  0.00000000E+00  0.44874999E+00
  0.25000000E+00  0.00000000E+00  0.44874999E+00
  0.25000000E+00  0.00000000E+00  0.44874999E+00
  0.25000000E+00  0.00000000E+00  0.44874999E+00
  0.25000000E+00  0.00000000E+00  0.44874999E+00
  0.25000000E+00  0.00000000E+00  0.44874999E+00
  0.25000000E+00  0.00000000E+00  0.44874999E+00
  0.25000000E+00  0.00000000E+00  0.44874999E+00
  0.25000000E+00  0.00000000E+00  0.44874999E+00
  0.25000000E+00  0.00000000E+00  0.44874999E+00
  0.25000000E+00  0.00000000E+00  0.44874999E+00
  0.25000000E+00  0.00000000E+00  0.44874999E+00
  0.25000000E+00  0.00000000E+00  0.44874999E+00
  0.25000000E+00  0.00000000E+00  0.44874999E+00
  0.25000000E+00  0.00000000E+00  0.44874999E+00
  0.25000000E+00  0.00000000E+00  0.44874999E+00
  0.25000000E+00  0.00000000E+00  0.44874999E+00
  0.25000000E+00  0.00000000E+00  0.44874999E+00
  0.25000000E+00  0.00000000E+00  0.44874999E+00
  0.25000000E+00  0.00000000E+00  0.44874999E+00
  0.25000000E+00  0.00000000E+00  0.44874999E+00
  0.25000000E+00  0.00000000E+00  0.44874999E+00
  0.25000000E+00  0.00000000E+00  0.44874999E+00
  0.25000000E+00  0.00000000E+00  0.44874999E+00
  0.25000000E+00  0.00000000E+00  0.44874999E+00
  0.25000000E+00  0.00000000E+00  0.44874999E+00
  0.25000000E+00  0.00000000E+00  0.44874999E+00
  0.25000000E+00  0.00000000E+00  0.44874999E+00
  0.25000000E+00  0.00000000E+00  0.44874999E+00
  0.25000000E+00  0.00000000E+00  0.44874999E+00
  0.25000000E+00  0.00000000E+00  0.44874999E+00
  0.25000000E+00  0.00000000E+00  0.44874999E+00
  0.25000000E+00  0.00000000E+00  0.44874999E+00
  0.25000000E+00  0.00000000E+00  0.44874999E+00
  0.25000000E+00  0.00000000E+00  0.44874999E+00
  0.25000000E+00  0.00000000E+00  0.44874999E+00
  0.25000000E+00  0.00000000E+00  0.44874999E+00
  0.25000000E+00  0.00000000E+00  0.44874999E+00
  0.25000000E+00  0.00000000E+00  0.44874999E+00
  0.25000000E+00  0.00000000E+00  0.44874999E+00
  0.25000000E+00  0.00000000E+00  0.44874999E+00
  0.25000000E+00  0.00000000E+00  0.44874999E+00
  0.25000000E+00  0.00000000E+00  0.44874999E+00
  0.25000000E+00  0.00000000E+00  0.44874999E+00
  0.25000000E+00  0.00000000E+00  0.44874999E+00
  0.25000000E+00  0.00000000E+00  0.44874999E+00
  0.25000000E+00  0.00000000E+00  0.44874999E+00
  0.25000000E+00  0.00000000E+00  0.44874999E+00
  0.25000000E+00  0.00000000E+00  0.44874999E+00
  0.25000000E+00  0.00000000E+00  0.44874999E+00
  0.25000000E+00  0.00000000E+00  0.44874999E+00
  0.25000000E+00  0.00000000E+00  0.44874999E+00
  0.25000000E+00  0.00000000E+00  0.44874999E+00
  0.25000000E+00  0.00000000E+00  0.44874999E+00
  0.25000000E+00  0.00000000E+00  0.44874999E+00
  0.25000000E+00  0.00000000E+00  0.44874999E+00
  0.25000000E+00  0.00000000E+00  0.44874999E+00
  0.25000000E+00  0.00000000E+00  0.44874999E+00
  0.25000000E+00  0.00000000E+00  0.44874999E+00
  0.25000000E+00  0.00000000E+00  0.44874999E+00
  0.25000000E+00  0.00000000E+00  0.44874999E+00
  0.25000000E+00  0.00000000E+00  0.44874999E+00
  0.25000000E+00  0.00000000E+00  0.44874999E+00
  0.25000000E+00  0.00000000E+00  0.44874999E+00
  0.25000000E+00  0.00000000E+00  0.44874999E+00
  0.25000000E+00  0.00000000E+00  0.44874999E+00
  0.25000000E+00  0.00000000E+00  0.44874999E+00
  0.25000000E+00  0.00000000E+00  0.44874999E+00
  0.25000000E+00  0.00000000E+00  0.44874999E+00
  0.25000000E+00  0.00000000E+00  0.44874999E+00
  0.25000000E+00  0.00000000E+00  0.44874999E+00
  0.25000000E+00  0.00000000E+00  0.44874999E+00
  0.25000000E+00  0.00000000E+00  0.44874999E+00
  0.25000000E+00  0.00000000E+00  0.44874999E+00
  0.25000000E+00  0.00000000E+00  0.44874999E+00
  0.25000000E+00  0.00000000E+00  0.44874999E+00
  0.25000000E+00  0.00000000E+00  0.44874999E+00
  0.25000000E+00  0.00000000E+00  0.44874999E+00
  0.25000000E+00  0.00000000E+00  0.44874999E+00
  0.25000000E+00  0.00000000E+00  0.44874999E+00
  0.25000000E+00  0.00000000E+00  0.44874999E+00
  0.25000000E+00  0.00000000E+00  0.44874999E+00
  0.25000000E+00  0.00000000E+00  0.44874999E+00
  0.25000000E+00  0.00000000E+00  0.44874999E+00
  0.25000000E+00  0.00000000E+00  0.44874999E+00
  0.25000000E+00  0.00000000E+00  0.44874999E+00
  0.25000000E+00  0.00000000E+00  0.44874999E+00
  0.25000000E+00  0.00000000E+00  0.44874999E+00
  0.25000000E+00  0.00000000E+00  0.44874999E+00
  0.25000000E+00  0.00000000E+00  0.44874999E+00
  0.25000000E+00  0.00000000E+00  0.44874999E+00
  0.25000000E+00  0.00000000E+00  0.44874999E+00
  0.25000000E+00  0.00000000E+00  0.44874999E+00
  0.25000000E+00  0.00000000E+00  0.44874999E+00
  0.25000000E+00  0.00000000E+00  0.44874999E+00
  0.25000000E+00  0.00000000E+00  0.44874999E+00
  0.25000000E+00  0.00000000E+00  0.44874999E+00
  0.25000000E+00  0.00000000E+00  0.44874999E+00
  0.25000000E+00  0.00000000E+00  0.44874999E+00
  0.25000000E+00  0.00000000E+00  0.44874999E+00
  0.25000000E+00  0.00000000E+00  0.44874999E+00
  0.25000000E+00  0.00000000E+00  0.44874999E+00
  0.25000000E+00  0.00000000E+00  0.44874999E+00
  0.25000000E+00  0.00000000E+00  0.44874999E+00
  0.25000000E+00  0.00000000E+00  0.44874999E+00
  0.25000000E+00  0.00000000E+00  0.44874999E+00
  0.25000000E+00  0.00000000E+00  0.44874999E+00
  0.25000000E+00  0.00000000E+00  0.44874999E+00
  0.25000000E+00  0.00000000E+00  0.44874999E+00
  0.25000000E+00  0.00000000E+00  0.44874999E+00
  0.25000000E+00  0.00000000E+00  0.44874999E+00
  0.25000000E+00  0.00000000E+00  0.44874999E+00
  0.25000000E+00  0.00000000E+00  0.44874999E+00
  0.25000000E+00  0.00000000E+00  0.44874999E+00
  0.25000000E+00  0.00000000E+00  0.44874999E+00
  0.25000000E+00  0.00000000E+00  0.44874999E+00
  0.25000000E+00  0.00000000E+00  0.44874999E+00
  0.25000000E+00  0.00000000E+00  0.44874999E+00
  0.25000000E+00  0.00000000E+00  0.44874999E+00
  0.25000000E+00  0.00000000E+00  0.44874999E+00
  0.25000000E+00  0.00000000E+00  0.44874999E+00
  0.25000000E+00  0.00000000E+00  0.44874999E+00
  0.25000000E+00  0.00000000E+00  0.44874999E+00
  0.25000000E+00  0.00000000E+00  0.44874999E+00
  0.25000000E+00  0.00000000E+00  0.44874999E+00
  0.25000000E+00  0.00000000E+00  0.44874999E+00
  0.25000000E+00  0.00000000E+00  0.44874999E+00
  0.25000000E+00  0.00000000E+00  0.44874999E+00
  0.25000000E+00  0.00000000E+00  0.44874999E+00
  0.25000000E+00  0.00000000E+00  0.44874999E+00
  0.25000000E+00  0.00000000E+00  0.44874999E+00
  0.25000000E+00  0.00000000E+00  0.44874999E+00
  0.25000000E+00  0.00000000E+00  0.44874999E+00
  0.25000000E+00  0.00000000E+00  0.44874999E+00
  0.25000000E+00  0.00000000E+00  0.44874999E+00
  0.25000000E+00  0.00000000E+00  0.44874999E+00
  0.25000000E+00  0.00000000E+00  0.44874999E+00
  0.25000000E+00  0.00000000E+00  0.44874999E+00
  0.25000000E+00  0.00000000E+00  0.44874999E+00
  0.25000000E+00  0.00000000E+00  0.44874999E+00
  0.25000000E+00  0.00000000E+00  0.44874999E+00
  0.25000000E+00  0.00000000E+00  0.44874999E+00
  0.25000000E+00  0.00000000E+00  0.44874999E+00
  0.25000000E+00  0.00000000E+00  0.44874999E+00
  0.25000000E+00  0.00000000E+00  0.44874999E+00
  0.25000000E+00  0.00000000E+00  0.44874999E+00
  0.25000000E+00  0.00000000E+00  0.44874999E+00
  0.25000000E+00  0.00000000E+00  0.44874999E+00
  0.25000000E+00  0.00000000E+00  0.44874999E+00
  0.25000000E+00  0.00000000E+00  0.44874999E+00
  0.25000000E+00  0.00000000E+00  0.44874999E+00
  0.25000000E+00  0.00000000E+00  0.44874999E+00
  0.25000000E+00  0.00000000E+00  0.44874999E+00
  0.25000000E+00  0.00000000E+00  0.44874999E+00
  0.25000000E+00  0.00000000E+00  0.44874999E+00
  0.25000000E+00  0.00000000E+00  0.44874999E+00
  0.25000000E+00  0.00000000E+00  0.44874999E+00
  0.25000000E+00  0.00000000E+00  0.44874999E+00
  0.25000000E+00  0.00000000E+00  0.44874999E+00
  0.25000000E+00  0.00000000E+00  0.44874999E+00
  0.25000000E+00  0.00000000E+00  0.44874999E+00
  0.25000000E+00  0.00000000E+00  0.44874999E+00
  0.25000000E+00  0.00000000E+00  0.44874999E+00
  0.25000000E+00  0.00000000E+00  0.44874999E+00
  0.25000000E+00  0.00000000E+00  0.44874999E+00
  0.25000000E+00  0.00000000E+00  0.44874999E+00
  0.25000000E+00  0.00000000E+00  0.44874999E+00
  0.25000000E+00  0.00000000E+00  0.44874999E+00
  0.25000000E+00  0.00000000E+00  0.44874999E+00
  0.25000000E+00  0.00000000E+00  0.44874999E+00
  0.25000000E+00  0.00000000E+00  0.44874999E+00
  0.25000000E+00  0.00000000E+00  0.44874999E+00
  0.25000000E+00  0.00000000E+00  0.44874999E+00
  0.25000000E+00  0.00000000E+00  0.44874999E+00
  0.25000000E+00  0.00000000E+00  0.44874999E+00
  0.25000000E+00  0.00000000E+00  0.44874999E+00
  0.25000000E+00  0.00000000E+00  0.44874999E+00
  0.25000000E+00  0.00000000E+00  0.44874999E+00
  0.25000000E+00  0.00000000E+00  0.44874999E+00
  0.25000000E+00  0.00000000E+00  0.44874999E+00
  0.25000000E+00  0.00000000E+00  0.44874999E+00
  0.25000000E+00  0.00000000E+00  0.44874999E+00
  0.25000000E+00  0.00000000E+00  0.44874999E+00
  0.25000000E+00  0.00000000E+00  0.44874999E+00
  0.25000000E+00  0.00000000E+00  0.44874999E+00
  0.25000000E+00  0.00000000E+00  0.44874999E+00
  0.25000000E+00  0.00000000E+00  0.44874999E+00
  0.25000000E+00  0.00000000E+00  0.44874999E+00
  0.25000000E+00  0.00000000E+00  0.44874999E+00
  0.25000000E+00  0.00000000E+00  0.44874999E+00
  0.25000000E+00  0.00000000E+00  0.44874999E+00
  0.25000000E+00  0.00000000E+00  0.44874999E+00
  0.25000000E+00  0.00000000E+00  0.44874999E+00
  0.25000000E+00  0.00000000E+00  0.44874999E+00
  0.25000000E+00  0.00000000E+00  0.44874999E+00
  0.25000000E+00  0.00000000E+00  0.44874999E+00
  0.25000000E+00  0.00000000E+00  0.44874999E+00
  0.25000000E+00  0.00000000E+00  0.44874999E+00
  0.25000000E+00  0.00000000E+00  0.44874999E+00
  0.25000000E+00  0.00000000E+00  0.44874999E+00
  0.25000000E+00  0.00000000E+00  0.44874999E+00
  0.25000000E+00  0.00000000E+00  0.44874999E+00
  0.25000000E+00  0.00000000E+00  0.44874999E+00
  0.25000000E+00  0.00000000E+00  0.44874999E+00
  0.25000000E+00  0.00000000E+00  0.44874999E+00
  0.25000000E+00  0.00000000E+00  0.44874999E+00
  0.25000000E+00  0.00000000E+00  0.44874999E+00
  0.25000000E+00  0.00000000E+00  0.44874999E+00
  0.25000000E+00  0.00000000E+00  0.44874999E+00
  0.25000000E+00  0.00000000E+00  0.44874999E+00
  0.25000000E+00  0.00000000E+00  0.44874999E+00
  0.25000000E+00  0.00000000E+00  0.44874999E+00
  0.25000000E+00  0.00000000E+00  0.44874999E+00
  0.25000000E+00  0.00000000E+00  0.44874999E+00
  0.25000000E+00  0.00000000E+00  0.44874999E+00
  0.25000000E+00  0.00000000E+00  0.44874999E+00
  0.25000000E+00  0.00000000E+00  0.44874999E+00
  0.25000000E+00  0.00000000E+00  0.44874999E+00
  0.25000000E+00  0.00000000E+00  0.44874999E+00
  0.25000000E+00  0.00000000E+00  0.44874999E+00
  0.25000000E+00  0.00000000E+00  0.44874999E+00
  0.25000000E+00  0.00000000E+00  0.44874999E+00
  0.25000000E+00  0.00000000E+00  0.44874999E+00
  0.25000000E+00  0.00000000E+00  0.44874999E+00
  0.25000000E+00  0.00000000E+00  0.44874999E+00
  0.25000000E+00  0.00000000E+00  0.44874999E+00
  0.25000000E+00  0.00000000E+00  0.44874999E+00
  0.25000000E+00  0.00000000E+00  0.44874999E+00
  0.25000000E+00  0.00000000E+00  0.44874999E+00
  0.25000000E+00  0.00000000E+00  0.44874999E+00
  0.25000000E+00  0.00000000E+00  0.44874999E+00
  0.25000000E+00  0.00000000E+00  0.44874999E+00
  0.25000000E+00  0.00000000E+00  0.44874999E+00
  0.25000000E+00  0.00000000E+00  0.44874999E+00
  0.25000000E+00  0.00000000E+00  0.44874999E+00
  0.25000000E+00  0.00000000E+00  0.44874999E+00
  0.25000000E+00  0.00000000E+00  0.44874999E+00
  0.25000000E+00  0.00000000E+00  0.44874999E+00
  0.25000000E+00  0.00000000E+00  0.44874999E+00
  0.25000000E+00  0.00000000E+00  0.44874999E+00
  0.25000000E+00  0.00000000E+00  0.44874999E+00
  0.25000000E+00  0.00000000E+00  0.44874999E+00
  0.25000000E+00  0.00000000E+00  0.44874999E+00
  0.25000000E+00  0.00000000E+00  0.44874999E+00
  0.25000000E+00  0.00000000E+00  0.44874999E+00
  0.25000000E+00  0.00000000E+00  0.44874999E+00
  0.25000000E+00  0.00000000E+00  0.44874999E+00
  0.25000000E+00  0.00000000E+00  0.44874999E+00
  0.25000000E+00  0.00000000E+00  0.44874999E+00
  0.25000000E+00  0.00000000E+00  0.44874999E+00
  0.25000000E+00  0.00000000E+00  0.44874999E+00
  0.25000000E+00  0.00000000E+00  0.44874999E+00
  0.25000000E+00  0.00000000E+00  0.44874999E+00
  0.25000000E+00  0.00000000E+00  0.44874999E+00
  0.25000000E+00  0.00000000E+00  0.44874999E+00
  0.25000000E+00  0.00000000E+00  0.44874999E+00
  0.25000000E+00  0.00000000E+00  0.44874999E+00
  0.25000000E+00  0.00000000E+00  0.44874999E+00
  0.25000000E+00  0.00000000E+00  0.44874999E+00
  0.25000000E+00  0.00000000E+00  0.44874999E+00
  0.25000000E+00  0.00000000E+00  0.44874999E+00
  0.25000000E+00  0.00000000E+00  0.44874999E+00
  0.25000000E+00  0.00000000E+00  0.44874999E+00
  0.25000000E+00  0.00000000E+00  0.44874999E+00
  0.25000000E+00  0.00000000E+00  0.44874999E+00
  0.25000000E+00  0.00000000E+00  0.44874999E+00
  0.25000000E+00  0.00000000E+00  0.44874999E+00
  0.25000000E+00  0.00000000E+00  0.44874999E+00
  0.25000000E+00  0.00000000E+00  0.44874999E+00
  0.25000000E+00  0.00000000E+00  0.44874999E+00
  0.25000000E+00  0.00000000E+00  0.44874999E+00
  0.25000000E+00  0.00000000E+00  0.44874999E+00
  0.25000000E+00  0.00000000E+00  0.44874999E+00
  0.25000000E+00  0.00000000E+00  0.44874999E+00
  0.25000000E+00  0.00000000E+00  0.44874999E+00
  0.25000000E+00  0.00000000E+00  0.44874999E+00
  0.25000000E+00  0.00000000E+00  0.44874999E+00
  0.25000000E+00  0.00000000E+00  0.44874999E+00
  0.25000000E+00  0.00000000E+00  0.44874999E+00
  0.25000000E+00  0.00000000E+00  0.44874999E+00
  0.25000000E+00  0.00000000E+00  0.44874999E+00
  0.25000000E+00  0.00000000E+00  0.44874999E+00
  0.25000000E+00  0.00000000E+00  0.44874999E+00
  0.25000000E+00  0.00000000E+00  0.44874999E+00
  0.25000000E+00  0.00000000E+00  0.44874999E+00
  0.25000000E+00  0.00000000E+00  0.44874999E+00
  0.25000000E+00  0.00000000E+00  0.44874999E+00
  0.25000000E+00  0.00000000E+00  0.44874999E+00
  0.25000000E+00  0.00000000E+00  0.44874999E+00
  0.25000000E+00  0.00000000E+00  0.44874999E+00
  0.25000000E+00  0.00000000E+00  0.44874999E+00
  0.25000000E+00  0.00000000E+00  0.44874999E+00
  0.25000000E+00  0.00000000E+00  0.44874999E+00
  0.25000000E+00  0.00000000E+00  0.44874999E+00
  0.25000000E+00  0.00000000E+00  0.44874999E+00
  0.25000000E+00  0.00000000E+00  0.44874999E+00
  0.25000000E+00  0.00000000E+00  0.44874999E+00
  0.25000000E+00  0.00000000E+00  0.44874999E+00
  0.25000000E+00  0.00000000E+00  0.44874999E+00
  0.25000000E+00  0.00000000E+00  0.44874999E+00
  0.25000000E+00  0.00000000E+00  0.44874999E+00
  0.25000000E+00  0.00000000E+00  0.44874999E+00
  0.25000000E+00  0.00000000E+00  0.44874999E+00
  0.25000000E+00  0.00000000E+00  0.44874999E+00
  0.25000000E+00  0.00000000E+00  0.44874999E+00
  0.25000000E+00  0.00000000E+00  0.44874999E+00
  0.25000000E+00  0.00000000E+00  0.44874999E+00
  0.25000000E+00  0.00000000E+00  0.44874999E+00
  0.25000000E+00  0.00000000E+00  0.44874999E+00
  0.25000000E+00  0.00000000E+00  0.44874999E+00
  0.25000000E+00  0.00000000E+00  0.44874999E+00
  0.25000000E+00  0.00000000E+00  0.44874999E+00
  0.25000000E+00  0.00000000E+00  0.44874999E+00
  0.25000000E+00  0.00000000E+00  0.44874999E+00
  0.25000000E+00  0.00000000E+00  0.44874999E+00
  0.25000000E+00  0.00000000E+00  0.44874999E+00
  0.25000000E+00  0.00000000E+00  0.44874999E+00
  0.25000000E+00  0.00000000E+00  0.44874999E+00
  0.25000000E+00  0.00000000E+00  0.44874999E+00
  0.25000000E+00  0.00000000E+00  0.44874999E+00
  0.25000000E+00  0.00000000E+00  0.44874999E+00
  0.25000000E+00  0.00000000E+00  0.44874999E+00
  0.25000000E+00  0.00000000E+00  0.44874999E+00
  0.25000000E+00  0.00000000E+00  0.44874999E+00
  0.25000000E+00  0.00000000E+00  0.44874999E+00
  0.25000000E+00  0.00000000E+00  0.44874999E+00
  0.25000000E+00  0.00000000E+00  0.44874999E+00
  0.25000000E+00  0.00000000E+00  0.44874999E+00
  0.25000000E+00  0.00000000E+00  0.44874999E+00
  0.25000000E+00  0.00000000E+00  0.44874999E+00
  0.25000000E+00  0.00000000E+00  0.44874999E+00
  0.25000000E+00  0.00000000E+00  0.44874999E+00
  0.25000000E+00  0.00000000E+00  0.44874999E+00
  0.25000000E+00  0.00000000E+00  0.44874999E+00
  0.25000000E+00  0.00000000E+00  0.44874999E+00
  0.25000000E+00  0.00000000E+00  0.44874999E+00
  0.25000000E+00  0.00000000E+00  0.44874999E+00
  0.25000000E+00  0.00000000E+00  0.44874999E+00
  0.25000000E+00  0.00000000E+00  0.44874999E+00
  0.25000000E+00  0.00000000E+00  0.44874999E+00
  0.25000000E+00  0.00000000E+00  0.44874999E+00
  0.25000000E+00  0.00000000E+00  0.44874999E+00
  0.25000000E+00  0.00000000E+00  0.44874999E+00
  0.25000000E+00  0.00000000E+00  0.44874999E+00
  0.25000000E+00  0.00000000E+00  0.44874999E+00
  0.25000000E+00  0.00000000E+00  0.44874999E+00
  0.25000000E+00  0.00000000E+00  0.44874999E+00
  0.25000000E+00  0.00000000E+00  0.44874999E+00
  0.25000000E+00  0.00000000E+00  0.44874999E+00
  0.25000000E+00  0.00000000E+00  0.44874999E+00
  0.25000000E+00  0.00000000E+00  0.44874999E+00
  0.25000000E+00  0.00000000E+00  0.44874999E+00
  0.25000000E+00  0.00000000E+00  0.44874999E+00
  0.25000000E+00  0.00000000E+00  0.44874999E+00
  0.25000000E+00  0.00000000E+00  0.44874999E+00
  0.25000000E+00  0.00000000E+00  0.44874999E+00
  0.25000000E+00  0.00000000E+00  0.44874999E+00
  0.25000000E+00  0.00000000E+00  0.44874999E+00
  0.25000000E+00  0.00000000E+00  0.44874999E+00
  0.25000000E+00  0.00000000E+00  0.44874999E+00
  0.25000000E+00  0.00000000E+00  0.44874999E+00
  0.25000000E+00  0.00000000E+00  0.44874999E+00
  0.25000000E+00  0.00000000E+00  0.44874999E+00
  0.25000000E+00  0.00000000E+00  0.44874999E+00
  0.25000000E+00  0.00000000E+00  0.44874999E+00
  0.25000000E+00  0.00000000E+00  0.44874999E+00
  0.25000000E+00  0.00000000E+00  0.44874999E+00
  0.25000000E+00  0.00000000E+00  0.44874999E+00
  0.25000000E+00  0.00000000E+00  0.44874999E+00
  0.25000000E+00  0.00000000E+00  0.44874999E+00
  0.25000000E+00  0.00000000E+00  0.44874999E+00
  0.25000000E+00  0.00000000E+00  0.44874999E+00
  0.25000000E+00  0.00000000E+00  0.44874999E+00
  0.25000000E+00  0.00000000E+00  0.44874999E+00
  0.25000000E+00  0.00000000E+00  0.44874999E+00
  0.25000000E+00  0.00000000E+00  0.44874999E+00
  0.25000000E+00  0.00000000E+00  0.44874999E+00
  0.25000000E+00  0.00000000E+00  0.44874999E+00
  0.25000000E+00  0.00000000E+00  0.44874999E+00
  0.25000000E+00  0.00000000E+00  0.44874999E+00
  0.25000000E+00  0.00000000E+00  0.44874999E+00
  0.25000000E+00  0.00000000E+00  0.44874999E+00
  0.25000000E+00  0.00000000E+00  0.44874999E+00
  0.25000000E+00  0.00000000E+00  0.44874999E+00
  0.25000000E+00  0.00000000E+00  0.44874999E+00
  0.25000000E+00  0.00000000E+00  0.44874999E+00
  0.25000000E+00  0.00000000E+00  0.44874999E+00
  0.25000000E+00  0.00000000E+00  0.44874999E+00
  0.25000000E+00  0.00000000E+00  0.44874999E+00
  0.25000000E+00  0.00000000E+00  0.44874999E+00
  0.25000000E+00  0.00000000E+00  0.44874999E+00
  0.25000000E+00  0.00000000E+00  0.44874999E+00
  0.25000000E+00  0.00000000E+00  0.44874999E+00
  0.25000000E+00  0.00000000E+00  0.44874999E+00
  0.25000000E+00  0.00000000E+00  0.44874999E+00
  0.25000000E+00  0.00000000E+00  0.44874999E+00
  0.25000000E+00  0.00000000E+00  0.44874999E+00
  0.25000000E+00  0.00000000E+00  0.44874999E+00
  
  
